1.000000000000000000e+01 1.706799999999999984e-02 1.050949999999999940e-01 -4.232899999999999857e-02
1.100000000000000000e+01 2.047200000000000061e-02 1.183929999999999982e-01 -5.476899999999999824e-02
1.200000000000000000e+01 1.968200000000000158e-02 9.390500000000000236e-02 -7.131500000000000339e-02
1.300000000000000000e+01 1.794000000000000108e-02 1.163099999999999967e-01 -5.866699999999999693e-02
1.400000000000000000e+01 3.220200000000000146e-02 1.223189999999999972e-01 -4.076300000000000062e-02
1.500000000000000000e+01 4.686300000000000188e-02 1.246939999999999993e-01 -2.535799999999999860e-02
1.600000000000000000e+01 1.371799999999999929e-02 1.072329999999999950e-01 -5.271499999999999797e-02
1.700000000000000000e+01 3.629899999999999793e-02 1.137780000000000041e-01 -4.053400000000000059e-02
1.800000000000000000e+01 2.699700000000000016e-02 1.008730000000000043e-01 -3.308599999999999736e-02
1.900000000000000000e+01 2.516900000000000040e-02 1.193339999999999956e-01 -6.165299999999999947e-02
2.000000000000000000e+01 2.261600000000000069e-02 9.991099999999999981e-02 -3.632799999999999918e-02
2.100000000000000000e+01 2.234900000000000081e-02 1.105259999999999992e-01 -5.641199999999999687e-02
2.200000000000000000e+01 2.129999999999999949e-02 1.059390000000000054e-01 -4.119300000000000045e-02
2.300000000000000000e+01 1.802199999999999983e-02 9.001499999999999779e-02 -4.417299999999999699e-02
2.400000000000000000e+01 1.281400000000000074e-02 9.640400000000000358e-02 -5.292199999999999682e-02
2.500000000000000000e+01 2.637099999999999861e-02 1.000130000000000047e-01 -3.757499999999999729e-02
2.600000000000000000e+01 2.694799999999999973e-02 1.090210000000000068e-01 -4.138000000000000012e-02
2.700000000000000000e+01 2.272499999999999867e-02 1.151879999999999987e-01 -5.323200000000000154e-02
2.800000000000000000e+01 2.645199999999999982e-02 1.013150000000000023e-01 -3.516600000000000281e-02
2.900000000000000000e+01 2.353699999999999889e-02 1.106619999999999965e-01 -4.712100000000000316e-02
3.000000000000000000e+01 3.304300000000000292e-02 1.116930000000000006e-01 -3.453599999999999726e-02
3.100000000000000000e+01 2.667399999999999979e-02 1.033400000000000013e-01 -3.447999999999999676e-02
3.200000000000000000e+01 2.787900000000000100e-02 1.077329999999999954e-01 -3.896000000000000157e-02
3.300000000000000000e+01 2.980199999999999863e-02 1.067290000000000044e-01 -3.495399999999999896e-02
3.400000000000000000e+01 2.387900000000000092e-02 1.024670000000000025e-01 -3.794899999999999662e-02
3.500000000000000000e+01 3.349099999999999994e-02 1.131530000000000036e-01 -3.182200000000000306e-02
3.600000000000000000e+01 2.942300000000000124e-02 1.084660000000000069e-01 -4.061599999999999933e-02
3.700000000000000000e+01 3.332500000000000046e-02 1.039189999999999975e-01 -2.785400000000000029e-02
3.800000000000000000e+01 2.653399999999999856e-02 1.068729999999999958e-01 -4.327199999999999797e-02
3.900000000000000000e+01 3.105399999999999827e-02 1.102849999999999941e-01 -3.580699999999999855e-02
4.000000000000000000e+01 3.179599999999999788e-02 1.114549999999999985e-01 -3.665999999999999814e-02
4.100000000000000000e+01 2.581299999999999914e-02 1.072150000000000047e-01 -4.177100000000000257e-02
4.200000000000000000e+01 2.267200000000000118e-02 1.102650000000000019e-01 -4.794099999999999751e-02
4.300000000000000000e+01 2.646899999999999947e-02 1.031600000000000017e-01 -4.007800000000000251e-02
4.400000000000000000e+01 2.042300000000000018e-02 1.024150000000000060e-01 -4.495400000000000090e-02
4.500000000000000000e+01 2.372900000000000009e-02 1.014140000000000041e-01 -4.609800000000000009e-02
4.600000000000000000e+01 2.006300000000000097e-02 9.621999999999999997e-02 -4.069300000000000000e-02
4.700000000000000000e+01 2.232200000000000156e-02 1.026090000000000058e-01 -4.534699999999999842e-02
4.800000000000000000e+01 2.652600000000000097e-02 1.027539999999999981e-01 -3.848800000000000138e-02
4.900000000000000000e+01 2.902300000000000019e-02 1.062479999999999952e-01 -3.787900000000000295e-02
5.000000000000000000e+01 2.966500000000000040e-02 1.118569999999999981e-01 -4.077800000000000175e-02
5.100000000000000000e+01 2.196199999999999888e-02 1.034530000000000033e-01 -4.580599999999999949e-02
5.200000000000000000e+01 2.160400000000000167e-02 1.010839999999999933e-01 -4.261999999999999816e-02
5.300000000000000000e+01 1.567100000000000090e-02 1.011610000000000009e-01 -4.972300000000000331e-02
5.400000000000000000e+01 1.983599999999999947e-02 9.894999999999999629e-02 -4.621999999999999720e-02
5.500000000000000000e+01 2.115200000000000066e-02 1.011719999999999980e-01 -4.267699999999999966e-02
5.600000000000000000e+01 2.027599999999999889e-02 1.006259999999999932e-01 -4.530499999999999805e-02
5.700000000000000000e+01 2.346099999999999922e-02 1.002849999999999991e-01 -3.638399999999999967e-02
5.800000000000000000e+01 2.126600000000000018e-02 9.378699999999999537e-02 -3.617700000000000082e-02
5.900000000000000000e+01 2.733800000000000119e-02 1.005700000000000066e-01 -3.434700000000000253e-02
6.000000000000000000e+01 2.156900000000000137e-02 9.975399999999999545e-02 -3.922099999999999892e-02
6.100000000000000000e+01 2.582200000000000120e-02 9.942600000000000049e-02 -3.437500000000000278e-02
6.200000000000000000e+01 2.168600000000000042e-02 9.347500000000000253e-02 -3.425600000000000173e-02
6.300000000000000000e+01 2.410299999999999943e-02 9.601400000000000212e-02 -3.703200000000000242e-02
6.400000000000000000e+01 1.914400000000000129e-02 9.627099999999999547e-02 -4.293899999999999800e-02
6.500000000000000000e+01 2.126799999999999871e-02 9.477599999999999913e-02 -4.033300000000000080e-02
6.600000000000000000e+01 2.258200000000000138e-02 9.739699999999999747e-02 -3.345999999999999669e-02
6.700000000000000000e+01 2.332299999999999998e-02 9.709299999999999875e-02 -3.653300000000000297e-02
6.800000000000000000e+01 2.693299999999999861e-02 1.017220000000000069e-01 -3.725799999999999945e-02
6.900000000000000000e+01 2.223599999999999882e-02 1.053919999999999996e-01 -4.229499999999999926e-02
7.000000000000000000e+01 2.746499999999999983e-02 1.000019999999999937e-01 -3.351799999999999918e-02
7.100000000000000000e+01 2.548600000000000171e-02 1.059269999999999934e-01 -4.228400000000000214e-02
7.200000000000000000e+01 2.596800000000000150e-02 1.017839999999999995e-01 -3.515100000000000169e-02
7.300000000000000000e+01 2.470800000000000080e-02 1.038170000000000065e-01 -4.088800000000000073e-02
7.400000000000000000e+01 2.416799999999999851e-02 1.027340000000000059e-01 -3.818200000000000066e-02
7.500000000000000000e+01 2.435800000000000118e-02 1.016620000000000024e-01 -3.792500000000000038e-02
7.600000000000000000e+01 2.465900000000000036e-02 1.027350000000000069e-01 -3.843900000000000095e-02
7.700000000000000000e+01 2.559700000000000170e-02 1.034540000000000043e-01 -4.068200000000000288e-02
7.800000000000000000e+01 2.253700000000000148e-02 1.019739999999999952e-01 -3.932499999999999885e-02
7.900000000000000000e+01 2.346699999999999828e-02 1.010830000000000062e-01 -3.947400000000000214e-02
8.000000000000000000e+01 2.282400000000000054e-02 1.006009999999999960e-01 -4.066999999999999782e-02
8.100000000000000000e+01 1.868300000000000169e-02 9.592699999999999838e-02 -4.257500000000000173e-02
8.200000000000000000e+01 2.177400000000000169e-02 9.873800000000000632e-02 -4.285200000000000120e-02
8.300000000000000000e+01 1.588099999999999928e-02 9.438100000000000656e-02 -4.852399999999999769e-02
8.400000000000000000e+01 1.926100000000000034e-02 1.017310000000000020e-01 -4.805199999999999749e-02
8.500000000000000000e+01 1.529800000000000083e-02 9.295000000000000484e-02 -4.410499999999999837e-02
8.600000000000000000e+01 1.436800000000000056e-02 9.260999999999999788e-02 -5.004900000000000321e-02
8.700000000000000000e+01 1.560800000000000035e-02 9.320499999999999619e-02 -4.813300000000000217e-02
8.800000000000000000e+01 7.726000000000000228e-03 8.703900000000000525e-02 -5.301899999999999669e-02
8.900000000000000000e+01 8.758999999999999425e-03 8.729099999999999360e-02 -5.755500000000000199e-02
9.000000000000000000e+01 9.688000000000000431e-03 8.653600000000000181e-02 -5.054000000000000159e-02
9.100000000000000000e+01 4.833999999999999755e-03 8.308200000000000307e-02 -5.810099999999999987e-02
9.200000000000000000e+01 5.559999999999999838e-03 8.436599999999999655e-02 -5.790399999999999714e-02
9.300000000000000000e+01 -8.909999999999999734e-04 7.778000000000000191e-02 -6.613099999999999534e-02
9.400000000000000000e+01 -2.132000000000000214e-03 7.923900000000000388e-02 -6.889900000000000191e-02
9.500000000000000000e+01 -1.180999999999999975e-03 7.802800000000000014e-02 -6.396100000000000396e-02
9.600000000000000000e+01 -7.102999999999999939e-03 7.267700000000000549e-02 -7.080799999999999594e-02
9.700000000000000000e+01 -9.629999999999999671e-03 7.295699999999999408e-02 -7.419000000000000594e-02
9.800000000000000000e+01 -8.370999999999999969e-03 7.184300000000000408e-02 -7.274500000000000410e-02
9.900000000000000000e+01 -7.981999999999999512e-03 7.105899999999999717e-02 -7.182399999999999896e-02
1.000000000000000000e+02 -1.405600000000000079e-02 6.424399999999999555e-02 -7.426299999999999568e-02
1.010000000000000000e+02 -1.708499999999999949e-02 6.356000000000000538e-02 -8.327299999999999980e-02
1.020000000000000000e+02 -1.663500000000000048e-02 6.127300000000000108e-02 -8.026400000000000201e-02
1.030000000000000000e+02 -2.317100000000000062e-02 5.677100000000000202e-02 -8.727400000000000435e-02
1.040000000000000000e+02 -1.994999999999999898e-02 5.936600000000000210e-02 -8.359500000000000264e-02
1.050000000000000000e+02 -2.221400000000000111e-02 5.608699999999999797e-02 -8.435800000000000243e-02
1.060000000000000000e+02 -2.801400000000000071e-02 5.316200000000000092e-02 -9.371899999999999675e-02
1.070000000000000000e+02 -3.079099999999999893e-02 4.829900000000000165e-02 -9.285000000000000198e-02
1.080000000000000000e+02 -2.424000000000000113e-02 5.329899999999999916e-02 -8.990599999999999981e-02
1.090000000000000000e+02 -2.853999999999999940e-02 5.090999999999999692e-02 -9.334800000000000042e-02
1.100000000000000000e+02 -2.901700000000000113e-02 4.970700000000000118e-02 -9.560699999999999754e-02
1.110000000000000000e+02 -3.103900000000000062e-02 4.731099999999999889e-02 -9.564300000000000579e-02
1.120000000000000000e+02 -2.489999999999999852e-02 5.528799999999999687e-02 -9.053500000000000436e-02
1.130000000000000000e+02 -2.618600000000000094e-02 5.390099999999999753e-02 -9.180399999999999672e-02
1.140000000000000000e+02 -2.432499999999999940e-02 5.476500000000000118e-02 -8.772699999999999942e-02
1.150000000000000000e+02 -2.590299999999999894e-02 5.208299999999999735e-02 -9.016399999999999415e-02
1.160000000000000000e+02 -2.032399999999999832e-02 5.808599999999999874e-02 -8.325899999999999967e-02
1.170000000000000000e+02 -2.181200000000000153e-02 5.792100000000000026e-02 -8.687599999999999489e-02
1.180000000000000000e+02 -2.022799999999999945e-02 5.848099999999999826e-02 -8.495700000000000474e-02
1.190000000000000000e+02 -2.210300000000000112e-02 5.785799999999999971e-02 -8.552400000000000280e-02
1.200000000000000000e+02 -1.034500000000000003e-02 6.763600000000000168e-02 -7.383699999999999986e-02
1.210000000000000000e+02 -9.346000000000000141e-03 7.028299999999999825e-02 -7.507400000000000184e-02
1.220000000000000000e+02 -1.002499999999999919e-02 6.937799999999999523e-02 -7.397299999999999709e-02
1.230000000000000000e+02 -1.787400000000000100e-02 6.121900000000000258e-02 -8.228699999999999903e-02
1.240000000000000000e+02 -8.000999999999999432e-03 7.055400000000000560e-02 -7.142999999999999350e-02
1.250000000000000000e+02 5.394999999999999622e-03 8.518100000000000671e-02 -5.810900000000000093e-02
1.260000000000000000e+02 -5.562000000000000104e-03 7.391000000000000347e-02 -7.076399999999999357e-02
1.270000000000000000e+02 6.001000000000000258e-03 8.540499999999999481e-02 -5.743000000000000188e-02
1.280000000000000000e+02 8.798000000000000265e-03 8.583000000000000351e-02 -5.495300000000000185e-02
1.290000000000000000e+02 1.192200000000000031e-02 8.975099999999999745e-02 -5.228900000000000214e-02
1.300000000000000000e+02 1.795199999999999921e-02 9.707799999999999763e-02 -4.588899999999999924e-02
1.310000000000000000e+02 3.079700000000000146e-02 1.099580000000000002e-01 -3.308500000000000330e-02
1.320000000000000000e+02 3.031899999999999873e-02 1.090560000000000002e-01 -3.220499999999999752e-02
1.330000000000000000e+02 3.259200000000000291e-02 1.104200000000000043e-01 -3.026900000000000077e-02
1.340000000000000000e+02 3.054600000000000024e-02 1.099770000000000053e-01 -3.442900000000000127e-02
1.350000000000000000e+02 4.150800000000000323e-02 1.203130000000000033e-01 -2.354300000000000143e-02
1.360000000000000000e+02 4.122399999999999676e-02 1.196259999999999962e-01 -2.294099999999999959e-02
1.370000000000000000e+02 4.362300000000000205e-02 1.227280000000000038e-01 -2.126700000000000118e-02
1.380000000000000000e+02 4.425400000000000167e-02 1.232700000000000046e-01 -1.977800000000000044e-02
1.390000000000000000e+02 4.913200000000000206e-02 1.274260000000000115e-01 -1.453100000000000051e-02
1.400000000000000000e+02 4.980699999999999711e-02 1.291950000000000043e-01 -1.467399999999999954e-02
1.410000000000000000e+02 4.983499999999999736e-02 1.299009999999999887e-01 -1.514500000000000048e-02
1.420000000000000000e+02 5.073199999999999932e-02 1.291349999999999998e-01 -1.271699999999999914e-02
1.430000000000000000e+02 5.083000000000000018e-02 1.308249999999999968e-01 -1.366099999999999953e-02
1.440000000000000000e+02 5.158499999999999891e-02 1.315230000000000010e-01 -1.252099999999999914e-02
1.450000000000000000e+02 5.191699999999999787e-02 1.309329999999999938e-01 -1.118500000000000050e-02
1.460000000000000000e+02 5.256999999999999867e-02 1.322520000000000084e-01 -1.182199999999999918e-02
1.470000000000000000e+02 5.292100000000000276e-02 1.324740000000000084e-01 -1.136299999999999984e-02
1.480000000000000000e+02 5.300599999999999756e-02 1.328610000000000069e-01 -1.035299999999999936e-02
1.490000000000000000e+02 5.411900000000000044e-02 1.342089999999999950e-01 -1.038599999999999940e-02
1.500000000000000000e+02 5.406899999999999901e-02 1.339420000000000055e-01 -9.953999999999999307e-03
1.510000000000000000e+02 5.475399999999999712e-02 1.344019999999999937e-01 -9.438000000000000209e-03
1.520000000000000000e+02 5.492799999999999766e-02 1.345820000000000072e-01 -9.351999999999999202e-03
1.530000000000000000e+02 5.517299999999999982e-02 1.349190000000000111e-01 -9.145999999999999616e-03
1.540000000000000000e+02 5.519799999999999707e-02 1.350500000000000034e-01 -8.614999999999999394e-03
1.550000000000000000e+02 5.570399999999999657e-02 1.357960000000000000e-01 -8.883000000000000271e-03
1.560000000000000000e+02 5.569700000000000345e-02 1.355979999999999963e-01 -8.174000000000000710e-03
1.570000000000000000e+02 5.572200000000000070e-02 1.358920000000000128e-01 -8.366000000000000172e-03
1.580000000000000000e+02 5.698399999999999993e-02 1.370460000000000012e-01 -7.089999999999999948e-03
1.590000000000000000e+02 5.722000000000000003e-02 1.373479999999999979e-01 -6.903000000000000282e-03
1.600000000000000000e+02 5.759800000000000336e-02 1.376529999999999976e-01 -6.658999999999999989e-03
1.610000000000000000e+02 5.764400000000000079e-02 1.377230000000000121e-01 -6.363999999999999865e-03
1.620000000000000000e+02 5.803599999999999731e-02 1.380790000000000073e-01 -6.357999999999999936e-03
1.630000000000000000e+02 5.801300000000000207e-02 1.381630000000000080e-01 -6.333000000000000088e-03
1.640000000000000000e+02 5.951399999999999746e-02 1.396239999999999981e-01 -4.895000000000000046e-03
1.650000000000000000e+02 5.931499999999999967e-02 1.393010000000000081e-01 -5.014000000000000228e-03
1.660000000000000000e+02 5.842699999999999977e-02 1.385619999999999907e-01 -6.049999999999999822e-03
1.670000000000000000e+02 7.008699999999999652e-02 1.500690000000000079e-01 5.956999999999999622e-03
1.680000000000000000e+02 7.018599999999999839e-02 1.501220000000000054e-01 5.918999999999999782e-03
1.690000000000000000e+02 7.014499999999999902e-02 1.501899999999999902e-01 5.837000000000000174e-03
1.700000000000000000e+02 7.027400000000000313e-02 1.502979999999999872e-01 5.884000000000000341e-03
1.710000000000000000e+02 7.020400000000000251e-02 1.502519999999999967e-01 5.773999999999999619e-03
1.720000000000000000e+02 7.017500000000000127e-02 1.502410000000000134e-01 5.686000000000000082e-03
1.730000000000000000e+02 7.014399999999999802e-02 1.502410000000000134e-01 5.748999999999999770e-03
1.740000000000000000e+02 7.001100000000000378e-02 1.501159999999999994e-01 5.616999999999999597e-03
1.750000000000000000e+02 7.008100000000000440e-02 1.501190000000000024e-01 5.608000000000000138e-03
1.760000000000000000e+02 7.005599999999999328e-02 1.501139999999999974e-01 5.485000000000000292e-03
1.770000000000000000e+02 6.996499999999999941e-02 1.500650000000000039e-01 5.445000000000000187e-03
1.780000000000000000e+02 6.991999999999999604e-02 1.499429999999999930e-01 5.392000000000000091e-03
1.790000000000000000e+02 6.984700000000000630e-02 1.499070000000000125e-01 5.324999999999999872e-03
1.800000000000000000e+02 6.977400000000000269e-02 1.497910000000000075e-01 5.288000000000000166e-03
1.810000000000000000e+02 6.973300000000000332e-02 1.497739999999999905e-01 5.244999999999999662e-03
1.820000000000000000e+02 6.965399999999999370e-02 1.497169999999999890e-01 5.191000000000000301e-03
1.830000000000000000e+02 6.958300000000000596e-02 1.496460000000000012e-01 5.120000000000000419e-03
1.840000000000000000e+02 6.951200000000000434e-02 1.495759999999999867e-01 5.048999999999999669e-03
1.850000000000000000e+02 6.944300000000000472e-02 1.495060000000000000e-01 4.980000000000000052e-03
1.860000000000000000e+02 6.937400000000000511e-02 1.494369999999999865e-01 4.910999999999999567e-03
1.870000000000000000e+02 6.930600000000000649e-02 1.493690000000000018e-01 4.843000000000000083e-03
1.880000000000000000e+02 6.923799999999999399e-02 1.493019999999999903e-01 4.774999999999999731e-03
1.890000000000000000e+02 6.917199999999999738e-02 1.492350000000000065e-01 4.708999999999999644e-03
1.900000000000000000e+02 6.910600000000000076e-02 1.491689999999999960e-01 4.643000000000000425e-03
1.910000000000000000e+02 6.904000000000000414e-02 1.491039999999999865e-01 4.577000000000000339e-03
1.920000000000000000e+02 6.897599999999999565e-02 1.490390000000000048e-01 4.512999999999999651e-03
1.930000000000000000e+02 6.891200000000000103e-02 1.489749999999999963e-01 4.448999999999999830e-03
1.940000000000000000e+02 6.884800000000000642e-02 1.489119999999999888e-01 4.385000000000000009e-03
1.950000000000000000e+02 6.878599999999999992e-02 1.488490000000000091e-01 4.322999999999999586e-03
1.960000000000000000e+02 6.872399999999999343e-02 1.487870000000000026e-01 4.261000000000000031e-03
1.970000000000000000e+02 6.866200000000000081e-02 1.487259999999999971e-01 4.198999999999999608e-03
1.980000000000000000e+02 6.860199999999999632e-02 1.486649999999999916e-01 4.139000000000000318e-03
1.990000000000000000e+02 6.854100000000000470e-02 1.486049999999999871e-01 4.078000000000000028e-03
2.000000000000000000e+02 6.848200000000000121e-02 1.485450000000000104e-01 4.019000000000000003e-03
2.010000000000000000e+02 6.842299999999999771e-02 1.484870000000000079e-01 3.959999999999999978e-03
2.020000000000000000e+02 6.836499999999999522e-02 1.484280000000000044e-01 3.902000000000000086e-03
2.030000000000000000e+02 6.830700000000000660e-02 1.483700000000000019e-01 3.844000000000000195e-03
2.040000000000000000e+02 6.825000000000000511e-02 1.483130000000000004e-01 3.787000000000000002e-03
2.050000000000000000e+02 6.819300000000000361e-02 1.482559999999999989e-01 3.729999999999999809e-03
2.060000000000000000e+02 6.813700000000000312e-02 1.481999999999999984e-01 3.674000000000000182e-03
2.070000000000000000e+02 6.808100000000000263e-02 1.481449999999999989e-01 3.618000000000000122e-03
2.080000000000000000e+02 6.802600000000000313e-02 1.480899999999999994e-01 3.563000000000000195e-03
2.090000000000000000e+02 6.797200000000000464e-02 1.480349999999999999e-01 3.508999999999999966e-03
