1.000000000000000000e+01 -3.118360000000000021e-01 -2.341270000000000018e-01 -3.777750000000000274e-01
1.100000000000000000e+01 -3.003520000000000079e-01 -2.222149999999999959e-01 -3.662909999999999777e-01
1.200000000000000000e+01 -3.178130000000000122e-01 -2.389759999999999940e-01 -3.842729999999999757e-01
1.300000000000000000e+01 -2.800889999999999769e-01 -1.995240000000000069e-01 -3.476819999999999911e-01
1.400000000000000000e+01 -3.462720000000000242e-01 -2.656109999999999860e-01 -4.142779999999999796e-01
1.500000000000000000e+01 -3.527830000000000132e-01 -2.715540000000000176e-01 -4.203770000000000007e-01
1.600000000000000000e+01 -4.161750000000000171e-01 -3.338999999999999746e-01 -4.836199999999999943e-01
1.700000000000000000e+01 -5.358159999999999590e-01 -4.564210000000000211e-01 -6.007959999999999967e-01
1.800000000000000000e+01 -5.860659999999999759e-01 -5.069960000000000022e-01 -6.504499999999999726e-01
1.900000000000000000e+01 -5.933380000000000321e-01 -5.149249999999999661e-01 -6.587730000000000530e-01
2.000000000000000000e+01 -6.015390000000000459e-01 -5.234919999999999574e-01 -6.670460000000000278e-01
2.100000000000000000e+01 -6.099149999999999849e-01 -5.330390000000000406e-01 -6.752949999999999786e-01
2.200000000000000000e+01 -5.941980000000000040e-01 -5.164360000000000062e-01 -6.605309999999999793e-01
2.300000000000000000e+01 -6.373539999999999761e-01 -5.607320000000000082e-01 -7.022589999999999666e-01
2.400000000000000000e+01 -6.009539999999999882e-01 -5.233419999999999739e-01 -6.661580000000000279e-01
2.500000000000000000e+01 -6.213720000000000354e-01 -5.441219999999999946e-01 -6.864879999999999871e-01
2.600000000000000000e+01 -6.353919999999999568e-01 -5.575639999999999485e-01 -7.007170000000000343e-01
2.700000000000000000e+01 -6.372309999999999919e-01 -5.592059999999999809e-01 -7.020999999999999464e-01
2.800000000000000000e+01 -6.906320000000000237e-01 -6.133079999999999643e-01 -7.543760000000000465e-01
2.900000000000000000e+01 -6.888530000000000486e-01 -6.112530000000000463e-01 -7.535659999999999581e-01
3.000000000000000000e+01 -7.396230000000000304e-01 -6.618730000000000446e-01 -8.049349999999999561e-01
3.100000000000000000e+01 -7.560810000000000031e-01 -6.796290000000000386e-01 -8.206210000000000448e-01
3.200000000000000000e+01 -8.082470000000000487e-01 -7.319870000000000543e-01 -8.725009999999999710e-01
3.300000000000000000e+01 -8.749620000000000175e-01 -7.984200000000000186e-01 -9.394010000000000415e-01
3.400000000000000000e+01 -8.671499999999999764e-01 -7.903529999999999722e-01 -9.323540000000000161e-01
3.500000000000000000e+01 -9.051479999999999526e-01 -8.286620000000000097e-01 -9.706219999999999848e-01
3.600000000000000000e+01 -9.025819999999999954e-01 -8.249579999999999691e-01 -9.693389999999999507e-01
3.700000000000000000e+01 -9.502709999999999768e-01 -8.714870000000000116e-01 -1.018308999999999909e+00
3.800000000000000000e+01 -1.006950999999999929e+00 -9.273109999999999964e-01 -1.075425000000000075e+00
3.900000000000000000e+01 -9.873629999999999907e-01 -9.062569999999999792e-01 -1.056194000000000077e+00
4.000000000000000000e+01 -1.038256999999999985e+00 -9.564259999999999984e-01 -1.107216999999999896e+00
4.100000000000000000e+01 -1.046149999999999913e+00 -9.636919999999999931e-01 -1.115231000000000083e+00
4.200000000000000000e+01 -1.053536000000000028e+00 -9.711370000000000280e-01 -1.122381000000000073e+00
4.300000000000000000e+01 -1.072686000000000028e+00 -9.908550000000000413e-01 -1.141270000000000007e+00
4.400000000000000000e+01 -1.076581000000000010e+00 -9.949050000000000393e-01 -1.144535999999999998e+00
4.500000000000000000e+01 -1.057690999999999937e+00 -9.757869999999999600e-01 -1.125194000000000027e+00
4.600000000000000000e+01 -1.066410000000000080e+00 -9.854519999999999946e-01 -1.132927000000000017e+00
4.700000000000000000e+01 -1.033136999999999972e+00 -9.527379999999999738e-01 -1.099075999999999942e+00
4.800000000000000000e+01 -1.073666999999999927e+00 -9.930189999999999850e-01 -1.140122999999999998e+00
4.900000000000000000e+01 -1.072006000000000014e+00 -9.911950000000000482e-01 -1.138082000000000038e+00
5.000000000000000000e+01 -1.113610999999999907e+00 -1.032394000000000034e+00 -1.180372999999999895e+00
5.100000000000000000e+01 -1.126641999999999921e+00 -1.044364000000000070e+00 -1.193516999999999939e+00
5.200000000000000000e+01 -1.197198999999999902e+00 -1.114919999999999911e+00 -1.263932000000000055e+00
5.300000000000000000e+01 -1.198280000000000012e+00 -1.116071999999999953e+00 -1.265077000000000007e+00
5.400000000000000000e+01 -1.155747999999999998e+00 -1.074052999999999924e+00 -1.221973999999999894e+00
5.500000000000000000e+01 -1.170082999999999984e+00 -1.088705000000000034e+00 -1.235451000000000077e+00
5.600000000000000000e+01 -1.134130000000000082e+00 -1.053596999999999895e+00 -1.198787000000000047e+00
5.700000000000000000e+01 -1.132816000000000045e+00 -1.052807999999999966e+00 -1.197219999999999951e+00
5.800000000000000000e+01 -1.042810000000000015e+00 -9.635920000000000041e-01 -1.106613999999999987e+00
5.900000000000000000e+01 -1.072969999999999979e+00 -9.938090000000000535e-01 -1.136900999999999939e+00
6.000000000000000000e+01 -1.039762000000000075e+00 -9.604800000000000004e-01 -1.103243999999999891e+00
6.100000000000000000e+01 -1.067636000000000029e+00 -9.884680000000000133e-01 -1.131259999999999932e+00
6.200000000000000000e+01 -1.055422000000000082e+00 -9.763100000000000112e-01 -1.118840999999999974e+00
6.300000000000000000e+01 -9.948120000000000296e-01 -9.159960000000000324e-01 -1.057814999999999950e+00
6.400000000000000000e+01 -9.258490000000000331e-01 -8.479769999999999808e-01 -9.871729999999999672e-01
6.500000000000000000e+01 -8.929390000000000382e-01 -8.161220000000000141e-01 -9.540030000000000454e-01
6.600000000000000000e+01 -9.117159999999999709e-01 -8.347909999999999497e-01 -9.729219999999999535e-01
6.700000000000000000e+01 -8.965370000000000283e-01 -8.197579999999999867e-01 -9.577740000000000142e-01
6.800000000000000000e+01 -9.021390000000000242e-01 -8.249870000000000259e-01 -9.640379999999999505e-01
6.900000000000000000e+01 -9.386339999999999684e-01 -8.616380000000000150e-01 -1.000461000000000045e+00
7.000000000000000000e+01 -9.384679999999999689e-01 -8.616460000000000230e-01 -1.000345999999999957e+00
7.100000000000000000e+01 -9.330530000000000213e-01 -8.555789999999999784e-01 -9.953159999999999785e-01
7.200000000000000000e+01 -1.003101999999999938e+00 -9.256569999999999521e-01 -1.065242999999999940e+00
7.300000000000000000e+01 -1.033295000000000075e+00 -9.555590000000000472e-01 -1.095784000000000091e+00
7.400000000000000000e+01 -1.042375000000000052e+00 -9.643080000000000540e-01 -1.104907000000000084e+00
7.500000000000000000e+01 -1.108046000000000086e+00 -1.029809999999999892e+00 -1.170836999999999906e+00
7.600000000000000000e+01 -1.097371000000000096e+00 -1.019047000000000036e+00 -1.159898000000000096e+00
7.700000000000000000e+01 -1.073415999999999926e+00 -9.956159999999999455e-01 -1.135750000000000037e+00
7.800000000000000000e+01 -1.056124000000000063e+00 -9.783140000000000169e-01 -1.117950999999999917e+00
7.900000000000000000e+01 -1.046497000000000011e+00 -9.690229999999999677e-01 -1.107995999999999981e+00
8.000000000000000000e+01 -1.084287999999999919e+00 -1.006591999999999931e+00 -1.146093000000000028e+00
8.100000000000000000e+01 -1.089596000000000009e+00 -1.011913999999999980e+00 -1.151367999999999947e+00
8.200000000000000000e+01 -1.050100999999999951e+00 -9.721969999999999779e-01 -1.112155000000000005e+00
8.300000000000000000e+01 -1.079212999999999978e+00 -1.001133000000000051e+00 -1.141135000000000010e+00
8.400000000000000000e+01 -1.043760000000000021e+00 -9.656130000000000546e-01 -1.106036999999999937e+00
8.500000000000000000e+01 -1.040214999999999890e+00 -9.620499999999999607e-01 -1.102497000000000060e+00
8.600000000000000000e+01 -1.025768000000000013e+00 -9.478320000000000078e-01 -1.087409999999999988e+00
8.700000000000000000e+01 -1.001208000000000098e+00 -9.233120000000000216e-01 -1.062724999999999920e+00
8.800000000000000000e+01 -1.035101999999999967e+00 -9.570800000000000418e-01 -1.096519000000000021e+00
8.900000000000000000e+01 -1.013173000000000101e+00 -9.350340000000000318e-01 -1.074591999999999992e+00
9.000000000000000000e+01 -1.028697999999999890e+00 -9.505749999999999478e-01 -1.089962000000000097e+00
9.100000000000000000e+01 -1.035300000000000109e+00 -9.569450000000000456e-01 -1.096872000000000069e+00
9.200000000000000000e+01 -1.010018000000000082e+00 -9.316510000000000069e-01 -1.071512000000000020e+00
9.300000000000000000e+01 -1.039144000000000068e+00 -9.603979999999999739e-01 -1.100937000000000054e+00
9.400000000000000000e+01 -1.013899000000000106e+00 -9.351350000000000495e-01 -1.075661999999999896e+00
9.500000000000000000e+01 -1.018143999999999938e+00 -9.393749999999999600e-01 -1.079978000000000105e+00
9.600000000000000000e+01 -9.977639999999999842e-01 -9.191409999999999858e-01 -1.059622999999999982e+00
9.700000000000000000e+01 -1.008410000000000029e+00 -9.299370000000000136e-01 -1.070108999999999977e+00
9.800000000000000000e+01 -9.920020000000000504e-01 -9.134889999999999954e-01 -1.053679999999999950e+00
9.900000000000000000e+01 -1.018175000000000052e+00 -9.398199999999999887e-01 -1.079925999999999942e+00
1.000000000000000000e+02 -1.013465999999999978e+00 -9.350979999999999848e-01 -1.075099000000000027e+00
1.010000000000000000e+02 -9.898799999999999821e-01 -9.115919999999999579e-01 -1.051862999999999992e+00
1.020000000000000000e+02 -9.957190000000000207e-01 -9.173909999999999565e-01 -1.057620999999999922e+00
1.030000000000000000e+02 -9.886380000000000168e-01 -9.103670000000000373e-01 -1.050688999999999984e+00
1.040000000000000000e+02 -9.713889999999999469e-01 -8.931580000000000075e-01 -1.033411000000000080e+00
1.050000000000000000e+02 -9.449269999999999614e-01 -8.665899999999999714e-01 -1.006856999999999891e+00
1.060000000000000000e+02 -9.082310000000000105e-01 -8.300600000000000200e-01 -9.703699999999999548e-01
1.070000000000000000e+02 -8.954360000000000097e-01 -8.172859999999999570e-01 -9.577649999999999775e-01
1.080000000000000000e+02 -9.039009999999999545e-01 -8.258969999999999922e-01 -9.664030000000000120e-01
1.090000000000000000e+02 -8.630109999999999726e-01 -7.850930000000000408e-01 -9.255480000000000373e-01
1.100000000000000000e+02 -8.488090000000000357e-01 -7.711789999999999479e-01 -9.114900000000000224e-01
1.110000000000000000e+02 -8.040140000000000065e-01 -7.264420000000000321e-01 -8.666390000000000482e-01
1.120000000000000000e+02 -7.892040000000000166e-01 -7.114249999999999741e-01 -8.518289999999999473e-01
1.130000000000000000e+02 -7.768819999999999615e-01 -6.990730000000000555e-01 -8.395740000000000425e-01
1.140000000000000000e+02 -7.213140000000000107e-01 -6.433429999999999982e-01 -7.838450000000000140e-01
1.150000000000000000e+02 -7.228179999999999605e-01 -6.446929999999999605e-01 -7.855029999999999513e-01
1.160000000000000000e+02 -6.723599999999999577e-01 -5.941849999999999632e-01 -7.350389999999999979e-01
1.170000000000000000e+02 -6.631879999999999997e-01 -5.847280000000000255e-01 -7.258329999999999504e-01
1.180000000000000000e+02 -6.372370000000000534e-01 -5.587280000000000024e-01 -6.997560000000000446e-01
1.190000000000000000e+02 -5.966810000000000169e-01 -5.179059999999999775e-01 -6.594269999999999854e-01
1.200000000000000000e+02 -5.667619999999999880e-01 -4.880530000000000146e-01 -6.294100000000000250e-01
1.210000000000000000e+02 -5.450300000000000145e-01 -4.661310000000000175e-01 -6.079179999999999584e-01
1.220000000000000000e+02 -5.392569999999999864e-01 -4.602700000000000125e-01 -6.021269999999999678e-01
1.230000000000000000e+02 -4.936139999999999972e-01 -4.145119999999999916e-01 -5.565879999999999717e-01
1.240000000000000000e+02 -4.728609999999999758e-01 -3.936580000000000079e-01 -5.359169999999999767e-01
1.250000000000000000e+02 -4.527499999999999858e-01 -3.735829999999999984e-01 -5.158409999999999940e-01
1.260000000000000000e+02 -4.370519999999999960e-01 -3.579570000000000252e-01 -5.000900000000000345e-01
1.270000000000000000e+02 -4.129160000000000053e-01 -3.339199999999999946e-01 -4.759669999999999734e-01
1.280000000000000000e+02 -3.970409999999999773e-01 -3.182180000000000009e-01 -4.600259999999999905e-01
1.290000000000000000e+02 -3.829739999999999811e-01 -3.041780000000000039e-01 -4.462090000000000223e-01
1.300000000000000000e+02 -3.501839999999999953e-01 -2.714460000000000206e-01 -4.133499999999999952e-01
1.310000000000000000e+02 -3.443149999999999822e-01 -2.656270000000000020e-01 -4.075219999999999954e-01
1.320000000000000000e+02 -3.143480000000000163e-01 -2.355899999999999939e-01 -3.775789999999999980e-01
1.330000000000000000e+02 -3.047670000000000101e-01 -2.259079999999999977e-01 -3.682579999999999742e-01
1.340000000000000000e+02 -2.669549999999999979e-01 -1.881690000000000029e-01 -3.305520000000000125e-01
1.350000000000000000e+02 -2.537249999999999783e-01 -1.748959999999999959e-01 -3.173799999999999955e-01
1.360000000000000000e+02 -2.270629999999999871e-01 -1.481119999999999937e-01 -2.907370000000000232e-01
1.370000000000000000e+02 -2.147759999999999947e-01 -1.359090000000000020e-01 -2.784229999999999761e-01
1.380000000000000000e+02 -2.034330000000000027e-01 -1.243910000000000016e-01 -2.670179999999999776e-01
1.390000000000000000e+02 -1.733000000000000096e-01 -9.413299999999999446e-02 -2.368609999999999882e-01
1.400000000000000000e+02 -1.716320000000000068e-01 -9.227200000000000679e-02 -2.351979999999999904e-01
1.410000000000000000e+02 -1.425260000000000138e-01 -6.297200000000000020e-02 -2.061969999999999914e-01
1.420000000000000000e+02 -1.396300000000000041e-01 -5.992499999999999910e-02 -2.031630000000000102e-01
1.430000000000000000e+02 -1.094370000000000065e-01 -2.962899999999999909e-02 -1.730299999999999894e-01
1.440000000000000000e+02 -1.046320000000000028e-01 -2.475199999999999970e-02 -1.681819999999999982e-01
1.450000000000000000e+02 -9.476999999999999313e-02 -1.487600000000000033e-02 -1.583529999999999938e-01
1.460000000000000000e+02 -7.003099999999999603e-02 9.884999999999999690e-03 -1.335189999999999988e-01
1.470000000000000000e+02 -6.595399999999999874e-02 1.402199999999999974e-02 -1.295379999999999865e-01
1.480000000000000000e+02 -4.932600000000000179e-02 3.065400000000000069e-02 -1.130069999999999963e-01
1.490000000000000000e+02 -5.229899999999999827e-02 2.765799999999999856e-02 -1.160149999999999931e-01
1.500000000000000000e+02 -4.200700000000000267e-02 3.803800000000000237e-02 -1.058400000000000035e-01
1.510000000000000000e+02 -2.742199999999999846e-02 5.261899999999999911e-02 -9.138100000000000389e-02
1.520000000000000000e+02 -1.942800000000000082e-02 6.059799999999999909e-02 -8.337300000000000266e-02
1.530000000000000000e+02 -1.953900000000000081e-02 6.057499999999999690e-02 -8.353199999999999514e-02
1.540000000000000000e+02 -6.093000000000000325e-03 7.403800000000000658e-02 -7.007599999999999940e-02
1.550000000000000000e+02 1.200000000000000030e-05 8.019300000000000039e-02 -6.395800000000000096e-02
1.560000000000000000e+02 4.937000000000000416e-03 8.513999999999999346e-02 -5.908800000000000163e-02
1.570000000000000000e+02 1.008299999999999995e-02 9.030699999999999839e-02 -5.402499999999999664e-02
1.580000000000000000e+02 1.677500000000000172e-02 9.695499999999999952e-02 -4.738300000000000151e-02
1.590000000000000000e+02 2.505200000000000135e-02 1.052089999999999970e-01 -3.913900000000000018e-02
1.600000000000000000e+02 2.257299999999999932e-02 1.027279999999999999e-01 -4.166199999999999765e-02
1.610000000000000000e+02 3.104499999999999968e-02 1.111380000000000007e-01 -3.324699999999999878e-02
1.620000000000000000e+02 3.223999999999999783e-02 1.123080000000000050e-01 -3.209000000000000047e-02
1.630000000000000000e+02 3.709799999999999903e-02 1.171569999999999973e-01 -2.724199999999999885e-02
1.640000000000000000e+02 3.651000000000000079e-02 1.165500000000000008e-01 -2.786299999999999888e-02
1.650000000000000000e+02 4.265499999999999847e-02 1.226860000000000034e-01 -2.171800000000000119e-02
1.660000000000000000e+02 4.134499999999999981e-02 1.213840000000000058e-01 -2.302200000000000080e-02
1.670000000000000000e+02 4.592000000000000248e-02 1.259419999999999984e-01 -1.845000000000000112e-02
1.680000000000000000e+02 4.557100000000000040e-02 1.255850000000000022e-01 -1.881299999999999986e-02
1.690000000000000000e+02 4.831099999999999978e-02 1.283080000000000054e-01 -1.609500000000000167e-02
1.700000000000000000e+02 4.836800000000000127e-02 1.283650000000000069e-01 -1.605900000000000036e-02
1.710000000000000000e+02 5.061600000000000127e-02 1.306190000000000129e-01 -1.382500000000000048e-02
1.720000000000000000e+02 5.269399999999999779e-02 1.326970000000000094e-01 -1.176400000000000015e-02
1.730000000000000000e+02 5.397400000000000114e-02 1.339960000000000040e-01 -1.049600000000000012e-02
1.740000000000000000e+02 5.282400000000000290e-02 1.328509999999999969e-01 -1.165799999999999996e-02
1.750000000000000000e+02 5.533899999999999930e-02 1.353850000000000053e-01 -9.143999999999999351e-03
1.760000000000000000e+02 5.597900000000000098e-02 1.360310000000000130e-01 -8.514000000000000734e-03
1.770000000000000000e+02 5.557800000000000240e-02 1.356310000000000016e-01 -8.913000000000000783e-03
1.780000000000000000e+02 5.616000000000000159e-02 1.362029999999999907e-01 -8.326999999999999333e-03
1.790000000000000000e+02 5.602200000000000235e-02 1.360609999999999875e-01 -8.458999999999999506e-03
1.800000000000000000e+02 5.661000000000000060e-02 1.366469999999999907e-01 -7.865000000000000463e-03
1.810000000000000000e+02 5.662199999999999872e-02 1.366650000000000087e-01 -7.844999999999999543e-03
1.820000000000000000e+02 5.662799999999999778e-02 1.366769999999999929e-01 -7.834999999999999951e-03
1.830000000000000000e+02 5.663300000000000278e-02 1.366910000000000069e-01 -7.830000000000000154e-03
1.840000000000000000e+02 5.663200000000000178e-02 1.366960000000000119e-01 -7.830000000000000154e-03
1.850000000000000000e+02 5.663300000000000278e-02 1.366960000000000119e-01 -7.830000000000000154e-03
1.860000000000000000e+02 5.663300000000000278e-02 1.366960000000000119e-01 -7.830000000000000154e-03
1.870000000000000000e+02 5.663300000000000278e-02 1.366960000000000119e-01 -7.830000000000000154e-03
1.880000000000000000e+02 5.663300000000000278e-02 1.366960000000000119e-01 -7.830000000000000154e-03
1.890000000000000000e+02 5.663300000000000278e-02 1.366960000000000119e-01 -7.830000000000000154e-03
1.900000000000000000e+02 5.663300000000000278e-02 1.366960000000000119e-01 -7.830000000000000154e-03
1.910000000000000000e+02 5.663300000000000278e-02 1.366960000000000119e-01 -7.830000000000000154e-03
1.920000000000000000e+02 5.663300000000000278e-02 1.366960000000000119e-01 -7.830000000000000154e-03
1.930000000000000000e+02 5.663300000000000278e-02 1.366960000000000119e-01 -7.830000000000000154e-03
1.940000000000000000e+02 5.663300000000000278e-02 1.366960000000000119e-01 -7.830000000000000154e-03
1.950000000000000000e+02 5.663300000000000278e-02 1.366960000000000119e-01 -7.830000000000000154e-03
1.960000000000000000e+02 5.663300000000000278e-02 1.366960000000000119e-01 -7.830000000000000154e-03
1.970000000000000000e+02 5.663300000000000278e-02 1.366960000000000119e-01 -7.830000000000000154e-03
1.980000000000000000e+02 5.663300000000000278e-02 1.366960000000000119e-01 -7.830000000000000154e-03
1.990000000000000000e+02 5.663300000000000278e-02 1.366960000000000119e-01 -7.830000000000000154e-03
2.000000000000000000e+02 5.663300000000000278e-02 1.366960000000000119e-01 -7.830000000000000154e-03
2.010000000000000000e+02 5.663300000000000278e-02 1.366960000000000119e-01 -7.830000000000000154e-03
2.020000000000000000e+02 5.663300000000000278e-02 1.366960000000000119e-01 -7.830000000000000154e-03
2.030000000000000000e+02 5.663300000000000278e-02 1.366960000000000119e-01 -7.830000000000000154e-03
2.040000000000000000e+02 5.663300000000000278e-02 1.366960000000000119e-01 -7.830000000000000154e-03
2.050000000000000000e+02 5.663300000000000278e-02 1.366960000000000119e-01 -7.830000000000000154e-03
2.060000000000000000e+02 5.663300000000000278e-02 1.366960000000000119e-01 -7.830000000000000154e-03
2.070000000000000000e+02 5.663300000000000278e-02 1.366960000000000119e-01 -7.830000000000000154e-03
2.080000000000000000e+02 5.663300000000000278e-02 1.366960000000000119e-01 -7.830000000000000154e-03
2.090000000000000000e+02 5.663300000000000278e-02 1.366960000000000119e-01 -7.830000000000000154e-03
