1.000000000000000000e+01 -1.214849999999999958e-01 -3.258300000000000085e-02 -1.914540000000000131e-01
1.100000000000000000e+01 -2.790219999999999922e-01 -1.941249999999999920e-01 -3.561869999999999759e-01
1.200000000000000000e+01 -7.685100000000000264e-02 -6.256000000000000276e-03 -1.371149999999999869e-01
1.300000000000000000e+01 -8.187899999999999345e-02 -9.730000000000000151e-04 -1.432080000000000020e-01
1.400000000000000000e+01 1.176400000000000015e-02 9.829599999999999449e-02 -5.282900000000000096e-02
1.500000000000000000e+01 -2.044809999999999961e-01 -1.207629999999999953e-01 -2.746259999999999812e-01
1.600000000000000000e+01 -9.542299999999999394e-02 -1.552500000000000061e-02 -1.616090000000000027e-01
1.700000000000000000e+01 -1.782229999999999925e-01 -9.484499999999999875e-02 -2.439350000000000129e-01
1.800000000000000000e+01 -2.865570000000000062e-01 -2.059529999999999972e-01 -3.554100000000000037e-01
1.900000000000000000e+01 -3.109390000000000209e-01 -2.297790000000000110e-01 -3.783469999999999889e-01
2.000000000000000000e+01 -2.690569999999999906e-01 -1.859530000000000072e-01 -3.348960000000000270e-01
2.100000000000000000e+01 -3.039870000000000072e-01 -2.266869999999999996e-01 -3.710069999999999757e-01
2.200000000000000000e+01 -2.947210000000000107e-01 -2.160259999999999958e-01 -3.603219999999999756e-01
2.300000000000000000e+01 -3.923610000000000153e-01 -3.073319999999999941e-01 -4.621930000000000205e-01
2.400000000000000000e+01 -2.816000000000000170e-01 -2.037760000000000127e-01 -3.481210000000000138e-01
2.500000000000000000e+01 -2.339420000000000111e-01 -1.504119999999999902e-01 -2.999149999999999872e-01
2.600000000000000000e+01 -2.834090000000000220e-01 -2.023459999999999981e-01 -3.488620000000000054e-01
2.700000000000000000e+01 -3.353380000000000249e-01 -2.556610000000000271e-01 -3.992839999999999723e-01
2.800000000000000000e+01 -4.009210000000000274e-01 -3.207699999999999996e-01 -4.699740000000000029e-01
2.900000000000000000e+01 -3.006329999999999836e-01 -2.170179999999999887e-01 -3.689899999999999847e-01
3.000000000000000000e+01 -3.654160000000000186e-01 -2.882100000000000217e-01 -4.277469999999999883e-01
3.100000000000000000e+01 -4.857949999999999768e-01 -4.061400000000000010e-01 -5.518790000000000084e-01
3.200000000000000000e+01 -4.217190000000000105e-01 -3.413149999999999795e-01 -4.908319999999999905e-01
3.300000000000000000e+01 -5.319000000000000394e-01 -4.510480000000000045e-01 -5.984840000000000160e-01
3.400000000000000000e+01 -3.507040000000000157e-01 -2.716049999999999853e-01 -4.166690000000000116e-01
3.500000000000000000e+01 -4.352369999999999850e-01 -3.562190000000000079e-01 -5.004729999999999457e-01
3.600000000000000000e+01 -4.282130000000000103e-01 -3.474720000000000031e-01 -4.979810000000000070e-01
3.700000000000000000e+01 -5.416649999999999521e-01 -4.608619999999999939e-01 -6.094169999999999865e-01
3.800000000000000000e+01 -4.859640000000000071e-01 -4.039719999999999978e-01 -5.521139999999999937e-01
3.900000000000000000e+01 -4.167379999999999973e-01 -3.378280000000000172e-01 -4.822429999999999772e-01
4.000000000000000000e+01 -6.290019999999999500e-01 -5.463930000000000176e-01 -6.968250000000000277e-01
4.100000000000000000e+01 -6.421280000000000321e-01 -5.598039999999999683e-01 -7.101629999999999887e-01
4.200000000000000000e+01 -6.219459999999999988e-01 -5.412749999999999506e-01 -6.889039999999999608e-01
4.300000000000000000e+01 -6.839309999999999556e-01 -6.019670000000000298e-01 -7.515570000000000306e-01
4.400000000000000000e+01 -6.855970000000000120e-01 -6.049750000000000405e-01 -7.525380000000000402e-01
4.500000000000000000e+01 -7.116019999999999568e-01 -6.307110000000000216e-01 -7.780169999999999586e-01
4.600000000000000000e+01 -6.639680000000000026e-01 -5.814059999999999784e-01 -7.309959999999999791e-01
4.700000000000000000e+01 -5.595510000000000206e-01 -4.794689999999999785e-01 -6.243220000000000436e-01
4.800000000000000000e+01 -5.915730000000000155e-01 -5.106150000000000411e-01 -6.587450000000000250e-01
4.900000000000000000e+01 -5.947339999999999849e-01 -5.138789999999999747e-01 -6.598019999999999996e-01
5.000000000000000000e+01 -7.331860000000000044e-01 -6.516220000000000345e-01 -8.002270000000000216e-01
5.100000000000000000e+01 -7.784499999999999753e-01 -6.964399999999999480e-01 -8.469529999999999559e-01
5.200000000000000000e+01 -8.051660000000000483e-01 -7.229370000000000518e-01 -8.733199999999999852e-01
5.300000000000000000e+01 -7.516779999999999573e-01 -6.678079999999999572e-01 -8.194700000000000317e-01
5.400000000000000000e+01 -7.256569999999999965e-01 -6.420120000000000271e-01 -7.945569999999999578e-01
5.500000000000000000e+01 -7.948920000000000430e-01 -7.138470000000000093e-01 -8.614249999999999963e-01
5.600000000000000000e+01 -7.022119999999999473e-01 -6.211780000000000079e-01 -7.688350000000000461e-01
5.700000000000000000e+01 -7.679430000000000422e-01 -6.874940000000000495e-01 -8.354439999999999644e-01
5.800000000000000000e+01 -7.582039999999999891e-01 -6.787560000000000260e-01 -8.230359999999999898e-01
5.900000000000000000e+01 -7.335120000000000529e-01 -6.546739999999999782e-01 -7.980450000000000044e-01
6.000000000000000000e+01 -7.702189999999999870e-01 -6.902740000000000542e-01 -8.352960000000000385e-01
6.100000000000000000e+01 -7.656169999999999920e-01 -6.860380000000000367e-01 -8.302019999999999955e-01
6.200000000000000000e+01 -8.504300000000000193e-01 -7.709080000000000377e-01 -9.160399999999999654e-01
6.300000000000000000e+01 -8.313880000000000159e-01 -7.506920000000000259e-01 -8.961989999999999679e-01
6.400000000000000000e+01 -9.173430000000000195e-01 -8.369820000000000038e-01 -9.828099999999999614e-01
6.500000000000000000e+01 -7.272309999999999608e-01 -6.477070000000000327e-01 -7.928150000000000475e-01
6.600000000000000000e+01 -7.970979999999999732e-01 -7.168020000000000502e-01 -8.627230000000000176e-01
6.700000000000000000e+01 -8.002599999999999714e-01 -7.203969999999999541e-01 -8.639179999999999637e-01
6.800000000000000000e+01 -8.361549999999999816e-01 -7.555340000000000389e-01 -9.026650000000000507e-01
6.900000000000000000e+01 -8.571060000000000345e-01 -7.769909999999999872e-01 -9.223320000000000407e-01
7.000000000000000000e+01 -8.744579999999999576e-01 -7.945710000000000273e-01 -9.401570000000000205e-01
7.100000000000000000e+01 -8.746869999999999923e-01 -7.930220000000000047e-01 -9.420239999999999725e-01
7.200000000000000000e+01 -9.658299999999999663e-01 -8.866469999999999629e-01 -1.030528000000000111e+00
7.300000000000000000e+01 -1.028945999999999916e+00 -9.492260000000000142e-01 -1.095868000000000064e+00
7.400000000000000000e+01 -9.545400000000000551e-01 -8.737880000000000091e-01 -1.020095999999999892e+00
7.500000000000000000e+01 -1.021146000000000109e+00 -9.423939999999999539e-01 -1.085242999999999958e+00
7.600000000000000000e+01 -9.811630000000000074e-01 -9.008110000000000284e-01 -1.046578000000000008e+00
7.700000000000000000e+01 -1.066151000000000071e+00 -9.857270000000000199e-01 -1.132290000000000019e+00
7.800000000000000000e+01 -1.083320999999999978e+00 -1.003263999999999934e+00 -1.148981999999999948e+00
7.900000000000000000e+01 -9.480920000000000458e-01 -8.680750000000000410e-01 -1.013012000000000024e+00
8.000000000000000000e+01 -1.218307999999999947e+00 -1.137928000000000051e+00 -1.284211999999999909e+00
8.100000000000000000e+01 -1.073358999999999952e+00 -9.928989999999999760e-01 -1.137839999999999963e+00
8.200000000000000000e+01 -1.072197000000000067e+00 -9.916469999999999452e-01 -1.138741999999999921e+00
8.300000000000000000e+01 -1.176098000000000088e+00 -1.095655999999999963e+00 -1.242143999999999915e+00
8.400000000000000000e+01 -1.164130000000000109e+00 -1.084287999999999919e+00 -1.229233999999999938e+00
8.500000000000000000e+01 -1.113029000000000046e+00 -1.031965000000000021e+00 -1.179391999999999996e+00
8.600000000000000000e+01 -1.158679000000000014e+00 -1.078629999999999978e+00 -1.223724999999999952e+00
8.700000000000000000e+01 -1.115882000000000041e+00 -1.035558999999999896e+00 -1.181848999999999927e+00
8.800000000000000000e+01 -1.132281000000000093e+00 -1.051768000000000036e+00 -1.196803999999999979e+00
8.900000000000000000e+01 -1.133261000000000074e+00 -1.053770000000000095e+00 -1.197850000000000081e+00
9.000000000000000000e+01 -1.197990000000000110e+00 -1.117844000000000060e+00 -1.263271000000000033e+00
9.100000000000000000e+01 -1.263214000000000059e+00 -1.182703999999999978e+00 -1.328459999999999974e+00
9.200000000000000000e+01 -1.085811000000000082e+00 -1.004663000000000084e+00 -1.151097000000000037e+00
9.300000000000000000e+01 -1.268032999999999966e+00 -1.186989999999999990e+00 -1.334114000000000022e+00
9.400000000000000000e+01 -1.344467000000000079e+00 -1.264070000000000027e+00 -1.409942999999999946e+00
9.500000000000000000e+01 -1.316815999999999987e+00 -1.236167000000000016e+00 -1.382845000000000102e+00
9.600000000000000000e+01 -1.334187000000000012e+00 -1.253722000000000003e+00 -1.400538999999999978e+00
9.700000000000000000e+01 -1.328813999999999940e+00 -1.247894000000000059e+00 -1.394366999999999912e+00
9.800000000000000000e+01 -1.309893999999999892e+00 -1.229803999999999897e+00 -1.375796999999999937e+00
9.900000000000000000e+01 -1.307628000000000013e+00 -1.227138999999999980e+00 -1.373259999999999925e+00
1.000000000000000000e+02 -1.266712999999999978e+00 -1.187083000000000110e+00 -1.332017999999999924e+00
1.010000000000000000e+02 -1.432889999999999997e+00 -1.352667999999999981e+00 -1.498885000000000023e+00
1.020000000000000000e+02 -1.467004999999999892e+00 -1.387037000000000075e+00 -1.532149999999999901e+00
1.030000000000000000e+02 -1.259382999999999919e+00 -1.178717000000000015e+00 -1.325420999999999960e+00
1.040000000000000000e+02 -1.340740000000000043e+00 -1.260057999999999900e+00 -1.407251999999999947e+00
1.050000000000000000e+02 -1.452628000000000030e+00 -1.372136999999999940e+00 -1.518871000000000082e+00
1.060000000000000000e+02 -1.346575000000000077e+00 -1.265970000000000040e+00 -1.413048000000000082e+00
1.070000000000000000e+02 -1.418552999999999953e+00 -1.337666000000000022e+00 -1.484847999999999946e+00
1.080000000000000000e+02 -1.220204000000000066e+00 -1.140012999999999943e+00 -1.286251999999999951e+00
1.090000000000000000e+02 -1.249384000000000050e+00 -1.170233999999999996e+00 -1.315495999999999999e+00
1.100000000000000000e+02 -1.413983999999999908e+00 -1.334661000000000097e+00 -1.480369999999999964e+00
1.110000000000000000e+02 -1.297789999999999999e+00 -1.217613000000000056e+00 -1.363614000000000104e+00
1.120000000000000000e+02 -1.276013999999999982e+00 -1.196258999999999961e+00 -1.342016000000000098e+00
1.130000000000000000e+02 -1.225646000000000013e+00 -1.146037999999999890e+00 -1.291717999999999922e+00
1.140000000000000000e+02 -1.160388999999999893e+00 -1.080465999999999926e+00 -1.225683000000000078e+00
1.150000000000000000e+02 -1.158722999999999947e+00 -1.078462000000000032e+00 -1.224498000000000086e+00
1.160000000000000000e+02 -1.034186999999999967e+00 -9.542979999999999796e-01 -1.099817000000000045e+00
1.170000000000000000e+02 -1.052829000000000015e+00 -9.725390000000000423e-01 -1.118997000000000019e+00
1.180000000000000000e+02 -1.073288000000000020e+00 -9.937350000000000350e-01 -1.138579000000000008e+00
1.190000000000000000e+02 -9.956629999999999647e-01 -9.156750000000000167e-01 -1.060832999999999915e+00
1.200000000000000000e+02 -9.928529999999999855e-01 -9.125860000000000083e-01 -1.058359000000000050e+00
1.210000000000000000e+02 -9.378670000000000062e-01 -8.574000000000000510e-01 -1.002968000000000082e+00
1.220000000000000000e+02 -8.964830000000000298e-01 -8.162740000000000551e-01 -9.615050000000000541e-01
1.230000000000000000e+02 -8.662279999999999980e-01 -7.866649999999999476e-01 -9.314959999999999907e-01
1.240000000000000000e+02 -8.814800000000000413e-01 -8.009209999999999940e-01 -9.467489999999999517e-01
1.250000000000000000e+02 -8.585000000000000409e-01 -7.783290000000000486e-01 -9.235600000000000476e-01
1.260000000000000000e+02 -8.047919999999999519e-01 -7.251739999999999853e-01 -8.697610000000000063e-01
1.270000000000000000e+02 -7.787340000000000373e-01 -6.984829999999999650e-01 -8.432560000000000056e-01
1.280000000000000000e+02 -7.193589999999999707e-01 -6.395269999999999566e-01 -7.841599999999999682e-01
1.290000000000000000e+02 -7.350860000000000172e-01 -6.555720000000000436e-01 -7.998429999999999707e-01
1.300000000000000000e+02 -6.883139999999999814e-01 -6.087059999999999693e-01 -7.526180000000000092e-01
1.310000000000000000e+02 -6.876600000000000490e-01 -6.079890000000000017e-01 -7.521619999999999973e-01
1.320000000000000000e+02 -6.646060000000000301e-01 -5.846989999999999688e-01 -7.293680000000000163e-01
1.330000000000000000e+02 -5.925979999999999581e-01 -5.133959999999999635e-01 -6.566469999999999807e-01
1.340000000000000000e+02 -5.855339999999999989e-01 -5.060729999999999951e-01 -6.500150000000000095e-01
1.350000000000000000e+02 -5.828780000000000072e-01 -5.036789999999999878e-01 -6.475600000000000245e-01
1.360000000000000000e+02 -5.332130000000000480e-01 -4.539860000000000007e-01 -5.981469999999999843e-01
1.370000000000000000e+02 -5.417560000000000153e-01 -4.628320000000000212e-01 -6.062809999999999588e-01
1.380000000000000000e+02 -5.112870000000000470e-01 -4.316200000000000037e-01 -5.759570000000000523e-01
1.390000000000000000e+02 -4.285519999999999885e-01 -3.491400000000000059e-01 -4.932099999999999818e-01
1.400000000000000000e+02 -4.597990000000000133e-01 -3.802820000000000089e-01 -5.239890000000000381e-01
1.410000000000000000e+02 -4.281820000000000070e-01 -3.483640000000000070e-01 -4.925740000000000118e-01
1.420000000000000000e+02 -3.578959999999999919e-01 -2.783189999999999831e-01 -4.220409999999999995e-01
1.430000000000000000e+02 -3.627879999999999994e-01 -2.828089999999999771e-01 -4.269990000000000174e-01
1.440000000000000000e+02 -2.795110000000000094e-01 -1.996739999999999904e-01 -3.435929999999999818e-01
1.450000000000000000e+02 -3.138090000000000046e-01 -2.337029999999999941e-01 -3.780439999999999912e-01
1.460000000000000000e+02 -2.710520000000000151e-01 -1.906339999999999979e-01 -3.352209999999999912e-01
1.470000000000000000e+02 -2.382740000000000136e-01 -1.582479999999999998e-01 -3.023730000000000029e-01
1.480000000000000000e+02 -1.893610000000000015e-01 -1.093100000000000044e-01 -2.535479999999999956e-01
1.490000000000000000e+02 -1.939869999999999928e-01 -1.139000000000000012e-01 -2.580330000000000124e-01
1.500000000000000000e+02 -1.631829999999999947e-01 -8.302199999999999858e-02 -2.275349999999999873e-01
1.510000000000000000e+02 -1.297820000000000085e-01 -4.991600000000000203e-02 -1.938819999999999988e-01
1.520000000000000000e+02 -1.321269999999999945e-01 -5.214300000000000185e-02 -1.962399999999999978e-01
1.530000000000000000e+02 -1.241929999999999978e-01 -4.407099999999999906e-02 -1.884210000000000051e-01
1.540000000000000000e+02 -8.047100000000000086e-02 -4.000000000000000192e-04 -1.445639999999999981e-01
1.550000000000000000e+02 -8.328900000000000192e-02 -3.024999999999999911e-03 -1.473520000000000107e-01
1.560000000000000000e+02 -7.381699999999999373e-02 6.356999999999999804e-03 -1.379900000000000015e-01
1.570000000000000000e+02 -4.235400000000000276e-02 3.783099999999999657e-02 -1.066440000000000027e-01
1.580000000000000000e+02 -2.854599999999999846e-02 5.169699999999999990e-02 -9.273099999999999399e-02
1.590000000000000000e+02 -2.763900000000000037e-02 5.252799999999999830e-02 -9.185200000000000309e-02
1.600000000000000000e+02 -2.516600000000000087e-02 5.501099999999999740e-02 -8.951800000000000035e-02
1.610000000000000000e+02 -1.187200000000000061e-02 6.827700000000000435e-02 -7.621600000000000597e-02
1.620000000000000000e+02 -1.604699999999999876e-02 6.407100000000000295e-02 -8.037800000000000500e-02
1.630000000000000000e+02 -1.649999999999999991e-04 7.989699999999999580e-02 -6.456900000000000139e-02
1.640000000000000000e+02 9.107999999999999777e-03 8.915900000000000214e-02 -5.521999999999999825e-02
1.650000000000000000e+02 1.194600000000000002e-02 9.199799999999999645e-02 -5.242000000000000132e-02
1.660000000000000000e+02 2.525099999999999914e-02 1.053219999999999990e-01 -3.910700000000000287e-02
1.670000000000000000e+02 2.820500000000000090e-02 1.082430000000000059e-01 -3.614699999999999858e-02
1.680000000000000000e+02 3.493799999999999684e-02 1.149239999999999984e-01 -2.945000000000000048e-02
1.690000000000000000e+02 3.493600000000000178e-02 1.149759999999999949e-01 -2.950699999999999851e-02
1.700000000000000000e+02 5.060699999999999921e-02 1.306249999999999911e-01 -1.383200000000000054e-02
1.710000000000000000e+02 3.381399999999999684e-02 1.138170000000000015e-01 -3.070000000000000159e-02
1.720000000000000000e+02 4.300500000000000156e-02 1.230210000000000053e-01 -2.147999999999999909e-02
1.730000000000000000e+02 4.236199999999999688e-02 1.223749999999999977e-01 -2.211099999999999871e-02
1.740000000000000000e+02 4.735000000000000320e-02 1.273559999999999970e-01 -1.710499999999999868e-02
1.750000000000000000e+02 5.447400000000000159e-02 1.345050000000000134e-01 -1.000099999999999947e-02
1.760000000000000000e+02 5.096200000000000035e-02 1.310040000000000093e-01 -1.351800000000000050e-02
1.770000000000000000e+02 4.833900000000000002e-02 1.283579999999999999e-01 -1.614300000000000110e-02
1.780000000000000000e+02 5.285000000000000114e-02 1.328840000000000021e-01 -1.162200000000000039e-02
1.790000000000000000e+02 5.512999999999999845e-02 1.351700000000000124e-01 -9.372999999999999388e-03
1.800000000000000000e+02 5.697200000000000181e-02 1.370069999999999899e-01 -7.511000000000000315e-03
1.810000000000000000e+02 5.625499999999999945e-02 1.363010000000000055e-01 -8.226000000000000673e-03
1.820000000000000000e+02 5.547300000000000147e-02 1.355389999999999928e-01 -8.992999999999999258e-03
1.830000000000000000e+02 5.663300000000000278e-02 1.366960000000000119e-01 -7.830000000000000154e-03
1.840000000000000000e+02 5.663300000000000278e-02 1.366960000000000119e-01 -7.830000000000000154e-03
1.850000000000000000e+02 5.663300000000000278e-02 1.366960000000000119e-01 -7.830000000000000154e-03
1.860000000000000000e+02 5.663300000000000278e-02 1.366960000000000119e-01 -7.830000000000000154e-03
1.870000000000000000e+02 5.663300000000000278e-02 1.366960000000000119e-01 -7.830000000000000154e-03
1.880000000000000000e+02 5.663300000000000278e-02 1.366960000000000119e-01 -7.830000000000000154e-03
1.890000000000000000e+02 5.663300000000000278e-02 1.366960000000000119e-01 -7.830000000000000154e-03
1.900000000000000000e+02 5.663300000000000278e-02 1.366960000000000119e-01 -7.830000000000000154e-03
1.910000000000000000e+02 5.663300000000000278e-02 1.366960000000000119e-01 -7.830000000000000154e-03
1.920000000000000000e+02 5.663300000000000278e-02 1.366960000000000119e-01 -7.830000000000000154e-03
1.930000000000000000e+02 5.663300000000000278e-02 1.366960000000000119e-01 -7.830000000000000154e-03
1.940000000000000000e+02 5.663300000000000278e-02 1.366960000000000119e-01 -7.830000000000000154e-03
1.950000000000000000e+02 5.663300000000000278e-02 1.366960000000000119e-01 -7.830000000000000154e-03
1.960000000000000000e+02 5.663300000000000278e-02 1.366960000000000119e-01 -7.830000000000000154e-03
1.970000000000000000e+02 5.663300000000000278e-02 1.366960000000000119e-01 -7.830000000000000154e-03
1.980000000000000000e+02 5.663300000000000278e-02 1.366960000000000119e-01 -7.830000000000000154e-03
1.990000000000000000e+02 5.663300000000000278e-02 1.366960000000000119e-01 -7.830000000000000154e-03
2.000000000000000000e+02 5.663300000000000278e-02 1.366960000000000119e-01 -7.830000000000000154e-03
2.010000000000000000e+02 5.663300000000000278e-02 1.366960000000000119e-01 -7.830000000000000154e-03
2.020000000000000000e+02 5.663300000000000278e-02 1.366960000000000119e-01 -7.830000000000000154e-03
2.030000000000000000e+02 5.663300000000000278e-02 1.366960000000000119e-01 -7.830000000000000154e-03
2.040000000000000000e+02 5.663300000000000278e-02 1.366960000000000119e-01 -7.830000000000000154e-03
2.050000000000000000e+02 5.663300000000000278e-02 1.366960000000000119e-01 -7.830000000000000154e-03
2.060000000000000000e+02 5.663300000000000278e-02 1.366960000000000119e-01 -7.830000000000000154e-03
2.070000000000000000e+02 5.663300000000000278e-02 1.366960000000000119e-01 -7.830000000000000154e-03
2.080000000000000000e+02 5.663300000000000278e-02 1.366960000000000119e-01 -7.830000000000000154e-03
2.090000000000000000e+02 5.663300000000000278e-02 1.366960000000000119e-01 -7.830000000000000154e-03
