1.000000000000000000e+01 -2.662570000000000214e-01 -1.748719999999999997e-01 -3.409150000000000236e-01
1.100000000000000000e+01 -3.451569999999999916e-01 -2.716749999999999998e-01 -4.125090000000000146e-01
1.200000000000000000e+01 -3.960500000000000131e-01 -3.162860000000000116e-01 -4.648180000000000089e-01
1.300000000000000000e+01 -3.586400000000000143e-01 -2.772609999999999797e-01 -4.269839999999999747e-01
1.400000000000000000e+01 -2.939069999999999738e-01 -2.107620000000000049e-01 -3.646499999999999742e-01
1.500000000000000000e+01 -4.233839999999999826e-01 -3.386399999999999966e-01 -4.931530000000000080e-01
1.600000000000000000e+01 -5.749699999999999811e-01 -4.940350000000000019e-01 -6.418509999999999494e-01
1.700000000000000000e+01 -5.832929999999999504e-01 -5.040200000000000236e-01 -6.473989999999999467e-01
1.800000000000000000e+01 -6.612559999999999549e-01 -5.801889999999999548e-01 -7.289820000000000189e-01
1.900000000000000000e+01 -6.995139999999999691e-01 -6.198869999999999658e-01 -7.636519999999999975e-01
2.000000000000000000e+01 -7.928840000000000332e-01 -7.125080000000000302e-01 -8.610510000000000108e-01
2.100000000000000000e+01 -7.303079999999999572e-01 -6.535210000000000186e-01 -7.944660000000000055e-01
2.200000000000000000e+01 -7.841829999999999634e-01 -7.078140000000000542e-01 -8.500950000000000450e-01
2.300000000000000000e+01 -6.914010000000000433e-01 -6.122060000000000279e-01 -7.582100000000000506e-01
2.400000000000000000e+01 -8.256470000000000198e-01 -7.463840000000000474e-01 -8.922799999999999621e-01
2.500000000000000000e+01 -7.654009999999999980e-01 -6.859309999999999574e-01 -8.332349999999999479e-01
2.600000000000000000e+01 -8.003149999999999986e-01 -7.195430000000000437e-01 -8.667289999999999717e-01
2.700000000000000000e+01 -8.450830000000000286e-01 -7.690360000000000529e-01 -9.090260000000000007e-01
2.800000000000000000e+01 -8.764819999999999833e-01 -7.987469999999999848e-01 -9.410560000000000036e-01
2.900000000000000000e+01 -8.604159999999999586e-01 -7.821919999999999984e-01 -9.257180000000000408e-01
3.000000000000000000e+01 -9.269169999999999909e-01 -8.498869999999999481e-01 -9.907270000000000243e-01
3.100000000000000000e+01 -9.662129999999999885e-01 -8.888449999999999962e-01 -1.031441999999999970e+00
3.200000000000000000e+01 -1.002699999999999925e+00 -9.261279999999999513e-01 -1.067547000000000024e+00
3.300000000000000000e+01 -1.093299999999999939e+00 -1.017234999999999889e+00 -1.157053000000000109e+00
3.400000000000000000e+01 -1.089649000000000090e+00 -1.012413999999999925e+00 -1.154854000000000047e+00
3.500000000000000000e+01 -1.138670000000000071e+00 -1.062213999999999992e+00 -1.204352000000000089e+00
3.600000000000000000e+01 -1.131259000000000015e+00 -1.054543999999999926e+00 -1.198158000000000056e+00
3.700000000000000000e+01 -1.171111999999999931e+00 -1.093447000000000058e+00 -1.238534000000000024e+00
3.800000000000000000e+01 -1.142756000000000105e+00 -1.062780999999999976e+00 -1.210803999999999991e+00
3.900000000000000000e+01 -1.293998999999999899e+00 -1.213742000000000099e+00 -1.363518999999999926e+00
4.000000000000000000e+01 -1.272939999999999960e+00 -1.190952999999999928e+00 -1.342054000000000080e+00
4.100000000000000000e+01 -1.324665999999999899e+00 -1.240798999999999985e+00 -1.394468000000000041e+00
4.200000000000000000e+01 -1.398965000000000014e+00 -1.317981000000000069e+00 -1.467051000000000105e+00
4.300000000000000000e+01 -1.281976000000000004e+00 -1.199956999999999940e+00 -1.350481999999999960e+00
4.400000000000000000e+01 -1.370147000000000004e+00 -1.289074000000000053e+00 -1.439098999999999906e+00
4.500000000000000000e+01 -1.400177000000000005e+00 -1.319625999999999966e+00 -1.466471999999999998e+00
4.600000000000000000e+01 -1.360851000000000033e+00 -1.280345999999999984e+00 -1.427662999999999904e+00
4.700000000000000000e+01 -1.407656999999999936e+00 -1.327687000000000062e+00 -1.473360999999999921e+00
4.800000000000000000e+01 -1.327588999999999908e+00 -1.247926000000000091e+00 -1.393448999999999938e+00
4.900000000000000000e+01 -1.344238999999999962e+00 -1.263274000000000008e+00 -1.410614999999999952e+00
5.000000000000000000e+01 -1.395126000000000088e+00 -1.313490000000000046e+00 -1.462032999999999916e+00
5.100000000000000000e+01 -1.493678999999999979e+00 -1.411000999999999950e+00 -1.561147000000000062e+00
5.200000000000000000e+01 -1.514518000000000031e+00 -1.431974999999999998e+00 -1.581952000000000025e+00
5.300000000000000000e+01 -1.571795999999999971e+00 -1.488691999999999904e+00 -1.639477000000000073e+00
5.400000000000000000e+01 -1.603345999999999938e+00 -1.521044999999999980e+00 -1.669510999999999967e+00
5.500000000000000000e+01 -1.538535999999999904e+00 -1.458191000000000015e+00 -1.603232999999999908e+00
5.600000000000000000e+01 -1.470363000000000087e+00 -1.389737999999999918e+00 -1.534496000000000082e+00
5.700000000000000000e+01 -1.470914000000000055e+00 -1.391928999999999972e+00 -1.533843999999999985e+00
5.800000000000000000e+01 -1.465994999999999937e+00 -1.387359000000000009e+00 -1.530383000000000049e+00
5.900000000000000000e+01 -1.405048999999999992e+00 -1.326219000000000037e+00 -1.468140000000000001e+00
6.000000000000000000e+01 -1.432625999999999955e+00 -1.354738999999999916e+00 -1.495560000000000000e+00
6.100000000000000000e+01 -1.434271000000000074e+00 -1.356168999999999958e+00 -1.496868000000000087e+00
6.200000000000000000e+01 -1.491645000000000110e+00 -1.413051999999999975e+00 -1.555175999999999892e+00
6.300000000000000000e+01 -1.509786000000000072e+00 -1.430166000000000048e+00 -1.573414000000000090e+00
6.400000000000000000e+01 -1.458604999999999929e+00 -1.380630999999999942e+00 -1.521519999999999984e+00
6.500000000000000000e+01 -1.439996000000000054e+00 -1.362135000000000096e+00 -1.501870000000000038e+00
6.600000000000000000e+01 -1.437392999999999921e+00 -1.360168000000000044e+00 -1.498758999999999952e+00
6.700000000000000000e+01 -1.422380999999999895e+00 -1.346219000000000054e+00 -1.483619999999999939e+00
6.800000000000000000e+01 -1.419313999999999965e+00 -1.341202999999999923e+00 -1.481837999999999989e+00
6.900000000000000000e+01 -1.419683000000000028e+00 -1.343815999999999899e+00 -1.481141999999999959e+00
7.000000000000000000e+01 -1.501994999999999969e+00 -1.424314000000000080e+00 -1.564735999999999905e+00
7.100000000000000000e+01 -1.436911999999999967e+00 -1.359466000000000063e+00 -1.498698000000000086e+00
7.200000000000000000e+01 -1.513528999999999902e+00 -1.435945000000000027e+00 -1.575830000000000064e+00
7.300000000000000000e+01 -1.561703999999999981e+00 -1.483430000000000026e+00 -1.624405000000000099e+00
7.400000000000000000e+01 -1.566573999999999911e+00 -1.488580000000000014e+00 -1.628935999999999940e+00
7.500000000000000000e+01 -1.609653999999999918e+00 -1.531576999999999966e+00 -1.672056999999999904e+00
7.600000000000000000e+01 -1.690846999999999989e+00 -1.612163000000000013e+00 -1.754696999999999951e+00
7.700000000000000000e+01 -1.697400999999999938e+00 -1.619172000000000056e+00 -1.759460999999999942e+00
7.800000000000000000e+01 -1.614495000000000013e+00 -1.536731999999999987e+00 -1.677200000000000024e+00
7.900000000000000000e+01 -1.719762999999999931e+00 -1.642012999999999945e+00 -1.781917999999999891e+00
8.000000000000000000e+01 -1.734318000000000026e+00 -1.656482999999999928e+00 -1.795652999999999944e+00
8.100000000000000000e+01 -1.682878000000000096e+00 -1.605194999999999927e+00 -1.744771999999999990e+00
8.200000000000000000e+01 -1.698159999999999892e+00 -1.620163999999999938e+00 -1.760588999999999960e+00
8.300000000000000000e+01 -1.695365999999999929e+00 -1.616390999999999911e+00 -1.758424999999999905e+00
8.400000000000000000e+01 -1.650511000000000061e+00 -1.572087999999999930e+00 -1.712625999999999982e+00
8.500000000000000000e+01 -1.731716999999999951e+00 -1.653866000000000058e+00 -1.793943000000000065e+00
8.600000000000000000e+01 -1.681699000000000055e+00 -1.603580999999999923e+00 -1.744316999999999895e+00
8.700000000000000000e+01 -1.732501999999999986e+00 -1.654495999999999967e+00 -1.794011999999999940e+00
8.800000000000000000e+01 -1.703422999999999909e+00 -1.625361000000000056e+00 -1.765333999999999959e+00
8.900000000000000000e+01 -1.706782999999999939e+00 -1.629077000000000108e+00 -1.767768000000000006e+00
9.000000000000000000e+01 -1.785060000000000091e+00 -1.706863000000000019e+00 -1.846462999999999965e+00
9.100000000000000000e+01 -1.633710999999999913e+00 -1.555279000000000078e+00 -1.695440999999999976e+00
9.200000000000000000e+01 -1.752026000000000083e+00 -1.673486999999999947e+00 -1.813925000000000010e+00
9.300000000000000000e+01 -1.699934000000000056e+00 -1.620881000000000016e+00 -1.762215000000000087e+00
9.400000000000000000e+01 -1.745530000000000026e+00 -1.666676000000000046e+00 -1.807450999999999919e+00
9.500000000000000000e+01 -1.735047000000000006e+00 -1.655950999999999951e+00 -1.797263999999999973e+00
9.600000000000000000e+01 -1.764342999999999995e+00 -1.685634999999999994e+00 -1.826273999999999953e+00
9.700000000000000000e+01 -1.775946000000000025e+00 -1.697140000000000093e+00 -1.838016000000000094e+00
9.800000000000000000e+01 -1.793247000000000035e+00 -1.714685000000000015e+00 -1.855477000000000043e+00
9.900000000000000000e+01 -1.802890000000000104e+00 -1.724687999999999999e+00 -1.864489000000000063e+00
1.000000000000000000e+02 -1.855841000000000074e+00 -1.777398999999999951e+00 -1.918131000000000030e+00
1.010000000000000000e+02 -1.785246000000000111e+00 -1.706766999999999923e+00 -1.847468000000000110e+00
1.020000000000000000e+02 -1.821530000000000094e+00 -1.743193999999999910e+00 -1.883364000000000038e+00
1.030000000000000000e+02 -1.794569999999999999e+00 -1.716180000000000039e+00 -1.857086999999999932e+00
1.040000000000000000e+02 -1.784048000000000078e+00 -1.705859000000000014e+00 -1.846278000000000086e+00
1.050000000000000000e+02 -1.732693000000000039e+00 -1.653977999999999948e+00 -1.795287000000000077e+00
1.060000000000000000e+02 -1.807315999999999923e+00 -1.728860999999999981e+00 -1.869418000000000024e+00
1.070000000000000000e+02 -1.743622999999999923e+00 -1.665521000000000029e+00 -1.806181999999999954e+00
1.080000000000000000e+02 -1.708547999999999956e+00 -1.630292000000000074e+00 -1.771487000000000034e+00
1.090000000000000000e+02 -1.701017000000000001e+00 -1.623080000000000078e+00 -1.764413000000000009e+00
1.100000000000000000e+02 -1.641134000000000093e+00 -1.563333000000000084e+00 -1.704085000000000072e+00
1.110000000000000000e+02 -1.554179999999999895e+00 -1.476299000000000028e+00 -1.616970999999999936e+00
1.120000000000000000e+02 -1.556313999999999975e+00 -1.478417000000000092e+00 -1.619415999999999967e+00
1.130000000000000000e+02 -1.469062000000000090e+00 -1.391135999999999928e+00 -1.531859999999999999e+00
1.140000000000000000e+02 -1.445108999999999977e+00 -1.367253000000000052e+00 -1.507851000000000052e+00
1.150000000000000000e+02 -1.383337000000000039e+00 -1.305080000000000018e+00 -1.445812000000000097e+00
1.160000000000000000e+02 -1.429402000000000061e+00 -1.350796000000000108e+00 -1.492380000000000040e+00
1.170000000000000000e+02 -1.269654000000000060e+00 -1.191294999999999993e+00 -1.332475000000000076e+00
1.180000000000000000e+02 -1.286637999999999948e+00 -1.207993000000000094e+00 -1.349498000000000086e+00
1.190000000000000000e+02 -1.218879000000000046e+00 -1.140409999999999924e+00 -1.281512999999999902e+00
1.200000000000000000e+02 -1.177952000000000110e+00 -1.098961999999999994e+00 -1.240966000000000014e+00
1.210000000000000000e+02 -1.160225000000000062e+00 -1.081356999999999902e+00 -1.223108000000000084e+00
1.220000000000000000e+02 -1.117283000000000026e+00 -1.038329999999999975e+00 -1.180428000000000033e+00
1.230000000000000000e+02 -1.120676000000000005e+00 -1.041733999999999938e+00 -1.184082999999999997e+00
1.240000000000000000e+02 -1.024909000000000070e+00 -9.455040000000000111e-01 -1.088146000000000058e+00
1.250000000000000000e+02 -1.029381000000000101e+00 -9.499630000000000019e-01 -1.092716000000000021e+00
1.260000000000000000e+02 -9.587959999999999816e-01 -8.794450000000000323e-01 -1.021905999999999981e+00
1.270000000000000000e+02 -9.313960000000000017e-01 -8.527430000000000287e-01 -9.944290000000000074e-01
1.280000000000000000e+02 -9.176090000000000080e-01 -8.390710000000000113e-01 -9.808740000000000236e-01
1.290000000000000000e+02 -8.659310000000000063e-01 -7.871709999999999541e-01 -9.292650000000000077e-01
1.300000000000000000e+02 -7.794900000000000162e-01 -7.007390000000000008e-01 -8.426919999999999966e-01
1.310000000000000000e+02 -8.105099999999999527e-01 -7.316099999999999826e-01 -8.737000000000000322e-01
1.320000000000000000e+02 -7.365380000000000260e-01 -6.577760000000000273e-01 -7.997379999999999489e-01
1.330000000000000000e+02 -7.282469999999999777e-01 -6.493309999999999915e-01 -7.916950000000000376e-01
1.340000000000000000e+02 -6.307949999999999946e-01 -5.520939999999999737e-01 -6.943660000000000387e-01
1.350000000000000000e+02 -6.317409999999999970e-01 -5.529230000000000533e-01 -6.954040000000000221e-01
1.360000000000000000e+02 -5.988160000000000149e-01 -5.198519999999999808e-01 -6.627389999999999670e-01
1.370000000000000000e+02 -5.524059999999999526e-01 -4.734439999999999760e-01 -6.160980000000000345e-01
1.380000000000000000e+02 -5.297209999999999974e-01 -4.507530000000000148e-01 -5.932739999999999680e-01
1.390000000000000000e+02 -4.842980000000000063e-01 -4.051219999999999821e-01 -5.480300000000000171e-01
1.400000000000000000e+02 -4.570730000000000071e-01 -3.775339999999999807e-01 -5.207469999999999599e-01
1.410000000000000000e+02 -4.340030000000000276e-01 -3.546579999999999733e-01 -4.975390000000000090e-01
1.420000000000000000e+02 -4.087509999999999755e-01 -3.291169999999999929e-01 -4.723760000000000181e-01
1.430000000000000000e+02 -3.839339999999999975e-01 -3.040860000000000229e-01 -4.476339999999999764e-01
1.440000000000000000e+02 -3.251569999999999738e-01 -2.453500000000000125e-01 -3.885129999999999972e-01
1.450000000000000000e+02 -3.337629999999999764e-01 -2.538199999999999901e-01 -3.972930000000000073e-01
1.460000000000000000e+02 -2.757169999999999899e-01 -1.958519999999999983e-01 -3.392999999999999905e-01
1.470000000000000000e+02 -2.436750000000000027e-01 -1.638689999999999869e-01 -3.071590000000000154e-01
1.480000000000000000e+02 -2.536280000000000201e-01 -1.736360000000000126e-01 -3.173230000000000217e-01
1.490000000000000000e+02 -2.115480000000000138e-01 -1.314980000000000038e-01 -2.753450000000000064e-01
1.500000000000000000e+02 -1.960119999999999918e-01 -1.159329999999999944e-01 -2.599429999999999796e-01
1.510000000000000000e+02 -1.453139999999999987e-01 -6.536000000000000143e-02 -2.092789999999999928e-01
1.520000000000000000e+02 -1.541690000000000005e-01 -7.420200000000000407e-02 -2.181780000000000108e-01
1.530000000000000000e+02 -1.210949999999999943e-01 -4.107199999999999740e-02 -1.849619999999999875e-01
1.540000000000000000e+02 -1.099119999999999958e-01 -2.977399999999999838e-02 -1.738810000000000078e-01
1.550000000000000000e+02 -9.394600000000000173e-02 -1.376199999999999993e-02 -1.578479999999999883e-01
1.560000000000000000e+02 -7.492300000000000348e-02 5.329000000000000403e-03 -1.389489999999999892e-01
1.570000000000000000e+02 -5.275599999999999734e-02 2.749000000000000055e-02 -1.168280000000000013e-01
1.580000000000000000e+02 -5.698000000000000287e-02 2.328300000000000161e-02 -1.210730000000000001e-01
1.590000000000000000e+02 -3.570799999999999669e-02 4.450199999999999989e-02 -9.980799999999999395e-02
1.600000000000000000e+02 -2.166500000000000023e-02 5.843999999999999889e-02 -8.586599999999999788e-02
1.610000000000000000e+02 -2.628399999999999834e-02 5.385199999999999709e-02 -9.045400000000000662e-02
1.620000000000000000e+02 -6.277999999999999726e-03 7.384799999999999698e-02 -7.059600000000000597e-02
1.630000000000000000e+02 -1.245000000000000013e-03 7.883800000000000530e-02 -6.560000000000000553e-02
1.640000000000000000e+02 1.580000000000000024e-03 8.159600000000000186e-02 -6.275200000000000222e-02
1.650000000000000000e+02 7.653000000000000080e-03 8.770600000000000618e-02 -5.668700000000000128e-02
1.660000000000000000e+02 1.692700000000000107e-02 9.697200000000000264e-02 -4.739999999999999769e-02
1.670000000000000000e+02 1.616099999999999828e-02 9.617000000000000548e-02 -4.822900000000000104e-02
1.680000000000000000e+02 2.386999999999999886e-02 1.038850000000000051e-01 -4.052200000000000246e-02
1.690000000000000000e+02 3.497100000000000208e-02 1.149649999999999977e-01 -2.943199999999999983e-02
1.700000000000000000e+02 3.420999999999999736e-02 1.141960000000000058e-01 -3.022700000000000040e-02
1.710000000000000000e+02 3.766800000000000009e-02 1.176569999999999977e-01 -2.679799999999999890e-02
1.720000000000000000e+02 4.367399999999999755e-02 1.236949999999999994e-01 -2.078699999999999992e-02
1.730000000000000000e+02 4.355099999999999943e-02 1.235639999999999933e-01 -2.090799999999999950e-02
1.740000000000000000e+02 4.912600000000000300e-02 1.291519999999999890e-01 -1.534400000000000000e-02
1.750000000000000000e+02 5.070899999999999713e-02 1.307570000000000121e-01 -1.379499999999999997e-02
1.760000000000000000e+02 4.746399999999999925e-02 1.275249999999999995e-01 -1.703000000000000000e-02
1.770000000000000000e+02 5.179700000000000276e-02 1.318509999999999960e-01 -1.270199999999999975e-02
1.780000000000000000e+02 5.536300000000000249e-02 1.354080000000000006e-01 -9.135000000000000758e-03
1.790000000000000000e+02 5.620599999999999902e-02 1.362379999999999980e-01 -8.278999999999999901e-03
1.800000000000000000e+02 5.649599999999999761e-02 1.365190000000000015e-01 -7.972999999999999185e-03
1.810000000000000000e+02 5.662799999999999778e-02 1.366690000000000127e-01 -7.832999999999999685e-03
1.820000000000000000e+02 5.663100000000000078e-02 1.366910000000000069e-01 -7.830000000000000154e-03
1.830000000000000000e+02 5.663300000000000278e-02 1.366960000000000119e-01 -7.830000000000000154e-03
1.840000000000000000e+02 5.663300000000000278e-02 1.366960000000000119e-01 -7.830000000000000154e-03
1.850000000000000000e+02 5.663300000000000278e-02 1.366960000000000119e-01 -7.830000000000000154e-03
1.860000000000000000e+02 5.663300000000000278e-02 1.366960000000000119e-01 -7.830000000000000154e-03
1.870000000000000000e+02 5.663300000000000278e-02 1.366960000000000119e-01 -7.830000000000000154e-03
1.880000000000000000e+02 5.663300000000000278e-02 1.366960000000000119e-01 -7.830000000000000154e-03
1.890000000000000000e+02 5.663300000000000278e-02 1.366960000000000119e-01 -7.830000000000000154e-03
1.900000000000000000e+02 5.663300000000000278e-02 1.366960000000000119e-01 -7.830000000000000154e-03
1.910000000000000000e+02 5.663300000000000278e-02 1.366960000000000119e-01 -7.830000000000000154e-03
1.920000000000000000e+02 5.663300000000000278e-02 1.366960000000000119e-01 -7.830000000000000154e-03
1.930000000000000000e+02 5.663300000000000278e-02 1.366960000000000119e-01 -7.830000000000000154e-03
1.940000000000000000e+02 5.663300000000000278e-02 1.366960000000000119e-01 -7.830000000000000154e-03
1.950000000000000000e+02 5.663300000000000278e-02 1.366960000000000119e-01 -7.830000000000000154e-03
1.960000000000000000e+02 5.663300000000000278e-02 1.366960000000000119e-01 -7.830000000000000154e-03
1.970000000000000000e+02 5.663300000000000278e-02 1.366960000000000119e-01 -7.830000000000000154e-03
1.980000000000000000e+02 5.663300000000000278e-02 1.366960000000000119e-01 -7.830000000000000154e-03
1.990000000000000000e+02 5.663300000000000278e-02 1.366960000000000119e-01 -7.830000000000000154e-03
2.000000000000000000e+02 5.663300000000000278e-02 1.366960000000000119e-01 -7.830000000000000154e-03
2.010000000000000000e+02 5.663300000000000278e-02 1.366960000000000119e-01 -7.830000000000000154e-03
2.020000000000000000e+02 5.663300000000000278e-02 1.366960000000000119e-01 -7.830000000000000154e-03
2.030000000000000000e+02 5.663300000000000278e-02 1.366960000000000119e-01 -7.830000000000000154e-03
2.040000000000000000e+02 5.663300000000000278e-02 1.366960000000000119e-01 -7.830000000000000154e-03
2.050000000000000000e+02 5.663300000000000278e-02 1.366960000000000119e-01 -7.830000000000000154e-03
2.060000000000000000e+02 5.663300000000000278e-02 1.366960000000000119e-01 -7.830000000000000154e-03
2.070000000000000000e+02 5.663300000000000278e-02 1.366960000000000119e-01 -7.830000000000000154e-03
2.080000000000000000e+02 5.663300000000000278e-02 1.366960000000000119e-01 -7.830000000000000154e-03
2.090000000000000000e+02 5.663300000000000278e-02 1.366960000000000119e-01 -7.830000000000000154e-03
