1.000000000000000000e+01 -4.004300000000000220e-02 3.766599999999999809e-02 -1.059810000000000058e-01
1.100000000000000000e+01 -3.902400000000000313e-02 3.911200000000000093e-02 -1.049640000000000017e-01
1.200000000000000000e+01 -3.776499999999999996e-02 4.107100000000000334e-02 -1.042259999999999992e-01
1.300000000000000000e+01 -3.086699999999999861e-02 4.969799999999999912e-02 -9.846000000000000585e-02
1.400000000000000000e+01 -2.796200000000000074e-02 5.269900000000000279e-02 -9.596799999999999775e-02
1.500000000000000000e+01 -2.581200000000000161e-02 5.541700000000000098e-02 -9.340600000000000291e-02
1.600000000000000000e+01 -2.761399999999999966e-02 5.466000000000000025e-02 -9.505900000000000460e-02
1.700000000000000000e+01 -3.845300000000000107e-02 4.094199999999999923e-02 -1.034329999999999972e-01
1.800000000000000000e+01 -4.875600000000000073e-02 3.031400000000000067e-02 -1.131400000000000045e-01
1.900000000000000000e+01 -4.960300000000000126e-02 2.880900000000000127e-02 -1.150390000000000024e-01
2.000000000000000000e+01 -5.046400000000000191e-02 2.758199999999999888e-02 -1.159710000000000046e-01
2.100000000000000000e+01 -5.163100000000000328e-02 2.524500000000000008e-02 -1.170110000000000039e-01
2.200000000000000000e+01 -5.123300000000000076e-02 2.652900000000000050e-02 -1.175660000000000038e-01
2.300000000000000000e+01 -4.962699999999999750e-02 2.699599999999999916e-02 -1.145319999999999949e-01
2.400000000000000000e+01 -4.608899999999999803e-02 3.152300000000000241e-02 -1.112930000000000030e-01
2.500000000000000000e+01 -4.345399999999999957e-02 3.379599999999999965e-02 -1.085689999999999988e-01
2.600000000000000000e+01 -4.000900000000000289e-02 3.781899999999999845e-02 -1.053339999999999971e-01
2.700000000000000000e+01 -3.805200000000000249e-02 3.997300000000000159e-02 -1.029209999999999986e-01
2.800000000000000000e+01 -3.639499999999999680e-02 4.092900000000000010e-02 -1.001390000000000058e-01
2.900000000000000000e+01 -3.724000000000000227e-02 4.036000000000000004e-02 -1.019530000000000020e-01
3.000000000000000000e+01 -3.678599999999999925e-02 4.096500000000000141e-02 -1.020979999999999943e-01
3.100000000000000000e+01 -3.651800000000000185e-02 3.993499999999999828e-02 -1.010569999999999941e-01
3.200000000000000000e+01 -3.860000000000000236e-02 3.765999999999999903e-02 -1.028530000000000000e-01
3.300000000000000000e+01 -4.017400000000000138e-02 3.636699999999999655e-02 -1.046139999999999987e-01
3.400000000000000000e+01 -4.056799999999999989e-02 3.622800000000000326e-02 -1.057720000000000049e-01
3.500000000000000000e+01 -3.939000000000000140e-02 3.709599999999999703e-02 -1.048639999999999989e-01
3.600000000000000000e+01 -4.014299999999999813e-02 3.748100000000000043e-02 -1.068999999999999950e-01
3.700000000000000000e+01 -3.883500000000000146e-02 3.994999999999999940e-02 -1.068719999999999948e-01
3.800000000000000000e+01 -4.044500000000000178e-02 3.919399999999999967e-02 -1.089190000000000019e-01
3.900000000000000000e+01 -4.134800000000000281e-02 3.975800000000000167e-02 -1.101789999999999992e-01
4.000000000000000000e+01 -4.370399999999999979e-02 3.812700000000000117e-02 -1.126629999999999993e-01
4.100000000000000000e+01 -4.449199999999999683e-02 3.796599999999999975e-02 -1.135729999999999934e-01
4.200000000000000000e+01 -4.495199999999999890e-02 3.744700000000000112e-02 -1.137979999999999964e-01
4.300000000000000000e+01 -4.499999999999999833e-02 3.683100000000000263e-02 -1.135850000000000054e-01
4.400000000000000000e+01 -4.536400000000000154e-02 3.631199999999999706e-02 -1.133190000000000031e-01
4.500000000000000000e+01 -4.516499999999999682e-02 3.673799999999999982e-02 -1.126680000000000043e-01
4.600000000000000000e+01 -4.433200000000000335e-02 3.662599999999999884e-02 -1.108490000000000031e-01
4.700000000000000000e+01 -4.156900000000000178e-02 3.882900000000000240e-02 -1.075089999999999935e-01
4.800000000000000000e+01 -3.842099999999999682e-02 4.222700000000000065e-02 -1.048769999999999980e-01
4.900000000000000000e+01 -3.702600000000000335e-02 4.378499999999999753e-02 -1.031019999999999992e-01
5.000000000000000000e+01 -3.719499999999999890e-02 4.402099999999999763e-02 -1.039569999999999939e-01
5.100000000000000000e+01 -3.984700000000000047e-02 4.243100000000000344e-02 -1.067219999999999974e-01
5.200000000000000000e+01 -4.245299999999999768e-02 3.982600000000000029e-02 -1.091850000000000043e-01
5.300000000000000000e+01 -4.345199999999999757e-02 3.875599999999999878e-02 -1.102479999999999988e-01
5.400000000000000000e+01 -4.368099999999999761e-02 3.801500000000000018e-02 -1.099060000000000037e-01
5.500000000000000000e+01 -4.138200000000000212e-02 3.999599999999999683e-02 -1.067509999999999987e-01
5.600000000000000000e+01 -3.926600000000000229e-02 4.126699999999999813e-02 -1.039230000000000015e-01
5.700000000000000000e+01 -3.566099999999999826e-02 4.434699999999999753e-02 -1.000650000000000012e-01
5.800000000000000000e+01 -3.449300000000000282e-02 4.472500000000000087e-02 -9.829699999999999549e-02
5.900000000000000000e+01 -3.088099999999999873e-02 4.828000000000000347e-02 -9.481199999999999350e-02
6.000000000000000000e+01 -2.983799999999999994e-02 4.944400000000000184e-02 -9.332000000000000017e-02
6.100000000000000000e+01 -2.823600000000000068e-02 5.093099999999999711e-02 -9.186099999999999821e-02
6.200000000000000000e+01 -2.789600000000000066e-02 5.121599999999999764e-02 -9.131499999999999340e-02
6.300000000000000000e+01 -2.802899999999999836e-02 5.078699999999999881e-02 -9.103200000000000180e-02
6.400000000000000000e+01 -2.794200000000000156e-02 4.992900000000000116e-02 -8.926599999999999813e-02
6.500000000000000000e+01 -2.549600000000000130e-02 5.131999999999999756e-02 -8.655999999999999805e-02
6.600000000000000000e+01 -2.296799999999999883e-02 5.395699999999999802e-02 -8.417399999999999882e-02
6.700000000000000000e+01 -2.096100000000000046e-02 5.581799999999999956e-02 -8.219700000000000617e-02
6.800000000000000000e+01 -1.855899999999999911e-02 5.859299999999999925e-02 -8.045800000000000174e-02
6.900000000000000000e+01 -1.711800000000000127e-02 5.987800000000000067e-02 -7.894500000000000128e-02
7.000000000000000000e+01 -1.640399999999999844e-02 6.041699999999999848e-02 -7.828200000000000436e-02
7.100000000000000000e+01 -1.597700000000000162e-02 6.149700000000000305e-02 -7.824000000000000399e-02
7.200000000000000000e+01 -1.548599999999999977e-02 6.195799999999999919e-02 -7.762700000000000156e-02
7.300000000000000000e+01 -1.545999999999999978e-02 6.227599999999999802e-02 -7.794900000000000440e-02
7.400000000000000000e+01 -1.582899999999999932e-02 6.223800000000000165e-02 -7.836100000000000010e-02
7.500000000000000000e+01 -1.677999999999999978e-02 6.145599999999999674e-02 -7.957100000000000284e-02
7.600000000000000000e+01 -1.768399999999999833e-02 6.063999999999999946e-02 -8.021100000000000452e-02
7.700000000000000000e+01 -1.703199999999999853e-02 6.076800000000000257e-02 -7.936600000000000599e-02
7.800000000000000000e+01 -1.660000000000000017e-02 6.121000000000000052e-02 -7.842699999999999672e-02
7.900000000000000000e+01 -1.624099999999999849e-02 6.123200000000000170e-02 -7.774100000000000454e-02
8.000000000000000000e+01 -1.575400000000000064e-02 6.194199999999999706e-02 -7.755900000000000294e-02
8.100000000000000000e+01 -1.575800000000000117e-02 6.192299999999999888e-02 -7.753000000000000169e-02
8.200000000000000000e+01 -1.560100000000000028e-02 6.230299999999999727e-02 -7.765500000000000180e-02
8.300000000000000000e+01 -1.520900000000000030e-02 6.287099999999999633e-02 -7.713100000000000511e-02
8.400000000000000000e+01 -1.403899999999999940e-02 6.410799999999999832e-02 -7.631599999999999495e-02
8.500000000000000000e+01 -1.278199999999999996e-02 6.538299999999999668e-02 -7.506500000000000672e-02
8.600000000000000000e+01 -1.170200000000000060e-02 6.623400000000000121e-02 -7.334400000000000641e-02
8.700000000000000000e+01 -1.051500000000000004e-02 6.738199999999999745e-02 -7.203099999999999781e-02
8.800000000000000000e+01 -9.671000000000000776e-03 6.835099999999999509e-02 -7.108799999999999841e-02
8.900000000000000000e+01 -9.119999999999999635e-03 6.901899999999999702e-02 -7.053900000000000448e-02
9.000000000000000000e+01 -8.344999999999999987e-03 6.977899999999999381e-02 -6.960900000000000420e-02
9.100000000000000000e+01 -7.008000000000000340e-03 7.134799999999999476e-02 -6.857900000000000107e-02
9.200000000000000000e+01 -6.396999999999999909e-03 7.196900000000000519e-02 -6.789199999999999402e-02
9.300000000000000000e+01 -6.146999999999999686e-03 7.259999999999999787e-02 -6.794000000000000039e-02
9.400000000000000000e+01 -5.529000000000000060e-03 7.323599999999999555e-02 -6.729200000000000459e-02
9.500000000000000000e+01 -5.009000000000000431e-03 7.376000000000000612e-02 -6.684299999999999964e-02
9.600000000000000000e+01 -4.516000000000000049e-03 7.410700000000000620e-02 -6.637400000000000244e-02
9.700000000000000000e+01 -4.479999999999999608e-03 7.399200000000000221e-02 -6.618000000000000271e-02
9.800000000000000000e+01 -3.918999999999999741e-03 7.459300000000000652e-02 -6.559800000000000353e-02
9.900000000000000000e+01 -4.046000000000000117e-03 7.430799999999999905e-02 -6.579699999999999438e-02
1.000000000000000000e+02 -3.621000000000000087e-03 7.474799999999999500e-02 -6.525300000000000544e-02
1.010000000000000000e+02 -2.814999999999999794e-03 7.547299999999999842e-02 -6.479699999999999349e-02
1.020000000000000000e+02 -2.076999999999999853e-03 7.625099999999999933e-02 -6.397799999999999321e-02
1.030000000000000000e+02 -2.188999999999999974e-03 7.608199999999999685e-02 -6.424000000000000543e-02
1.040000000000000000e+02 -1.159000000000000091e-03 7.707200000000000162e-02 -6.318000000000000005e-02
1.050000000000000000e+02 2.000000000000000096e-04 7.853599999999999470e-02 -6.173100000000000115e-02
1.060000000000000000e+02 1.711999999999999980e-03 7.988299999999999568e-02 -6.042700000000000154e-02
1.070000000000000000e+02 3.322999999999999999e-03 8.147300000000000375e-02 -5.900600000000000289e-02
1.080000000000000000e+02 3.956000000000000315e-03 8.196000000000000507e-02 -5.854600000000000082e-02
1.090000000000000000e+02 5.883000000000000208e-03 8.380100000000000049e-02 -5.665400000000000297e-02
1.100000000000000000e+02 7.712000000000000105e-03 8.534100000000000019e-02 -5.496999999999999803e-02
1.110000000000000000e+02 1.036399999999999995e-02 8.793600000000000028e-02 -5.226100000000000190e-02
1.120000000000000000e+02 1.188700000000000000e-02 8.966599999999999571e-02 -5.073799999999999838e-02
1.130000000000000000e+02 1.321899999999999985e-02 9.102799999999999780e-02 -4.947300000000000308e-02
1.140000000000000000e+02 1.626700000000000021e-02 9.423800000000000232e-02 -4.626399999999999957e-02
1.150000000000000000e+02 1.687500000000000111e-02 9.500000000000000111e-02 -4.580999999999999656e-02
1.160000000000000000e+02 2.007000000000000103e-02 9.824499999999999900e-02 -4.260900000000000104e-02
1.170000000000000000e+02 2.177400000000000169e-02 1.002340000000000036e-01 -4.087099999999999761e-02
1.180000000000000000e+02 2.369900000000000131e-02 1.022089999999999943e-01 -3.881899999999999934e-02
1.190000000000000000e+02 2.570100000000000162e-02 1.044749999999999984e-01 -3.704600000000000254e-02
1.200000000000000000e+02 2.833499999999999908e-02 1.070429999999999993e-01 -3.431399999999999728e-02
1.210000000000000000e+02 3.004199999999999926e-02 1.089409999999999962e-01 -3.284600000000000020e-02
1.220000000000000000e+02 3.150800000000000128e-02 1.104949999999999960e-01 -3.136200000000000099e-02
1.230000000000000000e+02 3.367599999999999760e-02 1.127790000000000042e-01 -2.929700000000000013e-02
1.240000000000000000e+02 3.537400000000000266e-02 1.145769999999999983e-01 -2.768299999999999927e-02
1.250000000000000000e+02 3.709400000000000197e-02 1.162610000000000032e-01 -2.599699999999999928e-02
1.260000000000000000e+02 3.871900000000000341e-02 1.178140000000000021e-01 -2.432000000000000134e-02
1.270000000000000000e+02 4.043700000000000072e-02 1.194329999999999975e-01 -2.261399999999999869e-02
1.280000000000000000e+02 4.196600000000000330e-02 1.207889999999999936e-01 -2.101899999999999949e-02
1.290000000000000000e+02 4.332899999999999946e-02 1.221259999999999984e-01 -1.990499999999999908e-02
1.300000000000000000e+02 4.516699999999999882e-02 1.239060000000000022e-01 -1.799800000000000011e-02
1.310000000000000000e+02 4.630399999999999794e-02 1.249930000000000069e-01 -1.690300000000000136e-02
1.320000000000000000e+02 4.774699999999999778e-02 1.265050000000000063e-01 -1.548399999999999950e-02
1.330000000000000000e+02 4.904300000000000326e-02 1.279019999999999879e-01 -1.444800000000000077e-02
1.340000000000000000e+02 5.036700000000000205e-02 1.291529999999999900e-01 -1.323000000000000044e-02
1.350000000000000000e+02 5.165999999999999759e-02 1.304889999999999939e-01 -1.199500000000000045e-02
1.360000000000000000e+02 5.269100000000000172e-02 1.316420000000000090e-01 -1.098299999999999971e-02
1.370000000000000000e+02 5.372500000000000192e-02 1.325909999999999866e-01 -9.922000000000000264e-03
1.380000000000000000e+02 5.454699999999999827e-02 1.335890000000000133e-01 -9.036999999999999894e-03
1.390000000000000000e+02 5.546999999999999847e-02 1.346370000000000067e-01 -8.090999999999999234e-03
1.400000000000000000e+02 5.634200000000000319e-02 1.357009999999999883e-01 -7.224000000000000386e-03
1.410000000000000000e+02 5.731200000000000183e-02 1.368659999999999877e-01 -6.359000000000000069e-03
1.420000000000000000e+02 5.819499999999999673e-02 1.378999999999999948e-01 -5.337999999999999863e-03
1.430000000000000000e+02 5.917900000000000243e-02 1.389869999999999994e-01 -4.414000000000000389e-03
1.440000000000000000e+02 6.009500000000000258e-02 1.399739999999999873e-01 -3.455000000000000172e-03
1.450000000000000000e+02 6.098100000000000048e-02 1.408739999999999992e-01 -2.602999999999999845e-03
1.460000000000000000e+02 6.178000000000000158e-02 1.416959999999999886e-01 -1.708000000000000100e-03
1.470000000000000000e+02 6.265900000000000636e-02 1.426350000000000118e-01 -9.250000000000000409e-04
1.480000000000000000e+02 6.335200000000000553e-02 1.433319999999999872e-01 -3.289999999999999739e-04
1.490000000000000000e+02 6.406299999999999495e-02 1.440200000000000091e-01 3.469999999999999777e-04
1.500000000000000000e+02 6.476700000000000512e-02 1.448109999999999953e-01 9.330000000000000186e-04
1.510000000000000000e+02 6.533899999999999431e-02 1.453800000000000092e-01 1.379000000000000017e-03
1.520000000000000000e+02 6.581700000000000050e-02 1.458430000000000004e-01 1.871999999999999966e-03
1.530000000000000000e+02 6.627700000000000258e-02 1.463909999999999934e-01 2.284000000000000006e-03
1.540000000000000000e+02 6.666700000000000403e-02 1.467980000000000118e-01 2.684000000000000188e-03
1.550000000000000000e+02 6.698700000000000487e-02 1.471679999999999933e-01 3.017000000000000150e-03
1.560000000000000000e+02 6.740300000000000458e-02 1.476059999999999872e-01 3.377999999999999926e-03
1.570000000000000000e+02 6.777700000000000391e-02 1.480009999999999937e-01 3.668999999999999952e-03
1.580000000000000000e+02 6.810199999999999587e-02 1.482809999999999961e-01 3.943999999999999589e-03
1.590000000000000000e+02 6.841700000000000559e-02 1.485730000000000106e-01 4.225999999999999722e-03
1.600000000000000000e+02 6.867499999999999993e-02 1.488299999999999901e-01 4.440999999999999635e-03
1.610000000000000000e+02 6.888299999999999979e-02 1.489759999999999973e-01 4.590999999999999595e-03
1.620000000000000000e+02 6.908699999999999564e-02 1.491550000000000098e-01 4.756999999999999944e-03
1.630000000000000000e+02 6.920700000000000462e-02 1.492660000000000098e-01 4.866999999999999799e-03
1.640000000000000000e+02 6.933100000000000374e-02 1.493720000000000048e-01 4.957999999999999734e-03
1.650000000000000000e+02 6.943100000000000660e-02 1.494620000000000115e-01 5.057999999999999996e-03
1.660000000000000000e+02 6.952099999999999946e-02 1.495599999999999985e-01 5.152999999999999595e-03
1.670000000000000000e+02 6.957399999999999696e-02 1.495950000000000057e-01 5.204000000000000292e-03
1.680000000000000000e+02 6.965399999999999370e-02 1.496679999999999955e-01 5.269000000000000246e-03
1.690000000000000000e+02 6.971600000000000019e-02 1.497120000000000117e-01 5.309000000000000351e-03
1.700000000000000000e+02 6.975699999999999956e-02 1.497539999999999982e-01 5.329000000000000403e-03
1.710000000000000000e+02 6.978299999999999781e-02 1.497870000000000035e-01 5.342000000000000394e-03
1.720000000000000000e+02 6.980899999999999606e-02 1.498120000000000007e-01 5.350999999999999854e-03
1.730000000000000000e+02 6.980699999999999406e-02 1.498289999999999900e-01 5.336999999999999730e-03
1.740000000000000000e+02 6.980200000000000293e-02 1.498289999999999900e-01 5.320000000000000076e-03
1.750000000000000000e+02 6.978600000000000081e-02 1.498319999999999930e-01 5.303000000000000422e-03
1.760000000000000000e+02 6.976000000000000256e-02 1.498120000000000007e-01 5.266999999999999980e-03
1.770000000000000000e+02 6.972899999999999932e-02 1.497809999999999975e-01 5.237000000000000335e-03
1.780000000000000000e+02 6.969000000000000195e-02 1.497330000000000050e-01 5.203000000000000159e-03
1.790000000000000000e+02 6.964499999999999857e-02 1.496840000000000115e-01 5.164000000000000187e-03
1.800000000000000000e+02 6.959400000000000308e-02 1.496300000000000130e-01 5.119000000000000286e-03
1.810000000000000000e+02 6.953600000000000059e-02 1.495789999999999897e-01 5.068999999999999721e-03
1.820000000000000000e+02 6.947200000000000597e-02 1.495219999999999883e-01 5.009000000000000431e-03
1.830000000000000000e+02 6.940799999999999748e-02 1.494659999999999878e-01 4.944999999999999743e-03
1.840000000000000000e+02 6.933899999999999786e-02 1.494030000000000080e-01 4.877000000000000259e-03
1.850000000000000000e+02 6.927200000000000024e-02 1.493349999999999955e-01 4.808999999999999907e-03
1.860000000000000000e+02 6.920500000000000262e-02 1.492680000000000118e-01 4.741999999999999688e-03
1.870000000000000000e+02 6.913800000000000501e-02 1.492020000000000013e-01 4.675000000000000336e-03
1.880000000000000000e+02 6.907299999999999551e-02 1.491359999999999908e-01 4.610000000000000382e-03
1.890000000000000000e+02 6.900799999999999990e-02 1.490710000000000091e-01 4.545000000000000429e-03
1.900000000000000000e+02 6.894400000000000528e-02 1.490070000000000006e-01 4.480999999999999740e-03
1.910000000000000000e+02 6.887999999999999678e-02 1.489439999999999931e-01 4.416999999999999919e-03
1.920000000000000000e+02 6.881700000000000317e-02 1.488810000000000133e-01 4.354000000000000231e-03
1.930000000000000000e+02 6.875499999999999667e-02 1.488180000000000058e-01 4.291999999999999808e-03
1.940000000000000000e+02 6.869300000000000406e-02 1.487570000000000003e-01 4.230000000000000253e-03
1.950000000000000000e+02 6.863199999999999856e-02 1.486949999999999938e-01 4.168999999999999963e-03
1.960000000000000000e+02 6.857099999999999307e-02 1.486349999999999894e-01 4.107999999999999673e-03
1.970000000000000000e+02 6.851200000000000345e-02 1.485750000000000126e-01 4.048999999999999648e-03
1.980000000000000000e+02 6.845199999999999896e-02 1.485160000000000091e-01 3.989000000000000358e-03
1.990000000000000000e+02 6.839399999999999646e-02 1.484570000000000056e-01 3.930999999999999599e-03
2.000000000000000000e+02 6.833599999999999397e-02 1.483990000000000031e-01 3.873000000000000140e-03
2.010000000000000000e+02 6.827800000000000535e-02 1.483420000000000016e-01 3.814999999999999815e-03
2.020000000000000000e+02 6.822100000000000386e-02 1.482850000000000001e-01 3.758000000000000056e-03
2.030000000000000000e+02 6.816500000000000337e-02 1.482279999999999986e-01 3.701999999999999996e-03
2.040000000000000000e+02 6.810900000000000287e-02 1.481729999999999992e-01 3.645999999999999935e-03
2.050000000000000000e+02 6.805400000000000338e-02 1.481169999999999987e-01 3.591000000000000008e-03
2.060000000000000000e+02 6.799900000000000388e-02 1.480619999999999992e-01 3.536000000000000081e-03
2.070000000000000000e+02 6.794500000000000539e-02 1.480080000000000007e-01 3.481999999999999852e-03
2.080000000000000000e+02 6.789100000000000690e-02 1.479540000000000022e-01 3.428000000000000057e-03
2.090000000000000000e+02 6.783799999999999553e-02 1.479010000000000047e-01 3.374999999999999962e-03
