1.000000000000000000e+01 5.902899999999999814e-02 1.434249999999999969e-01 -9.270000000000000462e-03
1.100000000000000000e+01 3.206699999999999828e-02 1.144629999999999953e-01 -3.410500000000000337e-02
1.200000000000000000e+01 5.509700000000000014e-02 1.370439999999999992e-01 -1.174900000000000076e-02
1.300000000000000000e+01 4.359999999999999987e-02 1.246310000000000057e-01 -2.467799999999999855e-02
1.400000000000000000e+01 5.505399999999999877e-02 1.333809999999999996e-01 -8.276000000000000370e-03
1.500000000000000000e+01 4.716599999999999959e-02 1.301789999999999892e-01 -1.987999999999999837e-02
1.600000000000000000e+01 5.744900000000000007e-02 1.380020000000000135e-01 -9.233999999999999153e-03
1.700000000000000000e+01 5.908100000000000157e-02 1.398320000000000118e-01 -7.264999999999999757e-03
1.800000000000000000e+01 5.759399999999999936e-02 1.396699999999999886e-01 -8.139000000000000401e-03
1.900000000000000000e+01 4.809900000000000286e-02 1.316819999999999935e-01 -2.138699999999999976e-02
2.000000000000000000e+01 4.722900000000000015e-02 1.255419999999999869e-01 -1.835399999999999879e-02
2.100000000000000000e+01 4.873899999999999760e-02 1.311869999999999981e-01 -1.881000000000000033e-02
2.200000000000000000e+01 4.314899999999999985e-02 1.210959999999999953e-01 -2.253900000000000001e-02
2.300000000000000000e+01 4.668699999999999933e-02 1.266120000000000023e-01 -2.036400000000000016e-02
2.400000000000000000e+01 5.100799999999999779e-02 1.317129999999999967e-01 -1.508499999999999945e-02
2.500000000000000000e+01 5.144699999999999968e-02 1.330379999999999896e-01 -1.493799999999999989e-02
2.600000000000000000e+01 5.661499999999999866e-02 1.373070000000000124e-01 -9.537000000000000338e-03
2.700000000000000000e+01 4.999800000000000078e-02 1.327550000000000119e-01 -1.710300000000000015e-02
2.800000000000000000e+01 5.609000000000000097e-02 1.362410000000000010e-01 -9.645000000000000795e-03
2.900000000000000000e+01 5.471999999999999781e-02 1.362639999999999962e-01 -1.154999999999999950e-02
3.000000000000000000e+01 5.621099999999999708e-02 1.363709999999999922e-01 -1.036800000000000048e-02
3.100000000000000000e+01 5.773099999999999760e-02 1.378550000000000053e-01 -8.035999999999999741e-03
3.200000000000000000e+01 5.340000000000000302e-02 1.333110000000000128e-01 -1.230400000000000070e-02
3.300000000000000000e+01 5.339399999999999702e-02 1.338030000000000053e-01 -1.313699999999999937e-02
3.400000000000000000e+01 5.498100000000000209e-02 1.358030000000000070e-01 -1.149400000000000074e-02
3.500000000000000000e+01 5.463400000000000201e-02 1.349059999999999981e-01 -1.210899999999999997e-02
3.600000000000000000e+01 5.272299999999999903e-02 1.338920000000000110e-01 -1.380200000000000003e-02
3.700000000000000000e+01 5.291200000000000070e-02 1.340490000000000015e-01 -1.464700000000000030e-02
3.800000000000000000e+01 5.335299999999999765e-02 1.348109999999999864e-01 -1.361200000000000083e-02
3.900000000000000000e+01 5.152400000000000035e-02 1.325439999999999952e-01 -1.537799999999999931e-02
4.000000000000000000e+01 5.178800000000000070e-02 1.331479999999999886e-01 -1.509300000000000051e-02
4.100000000000000000e+01 5.228599999999999914e-02 1.336880000000000013e-01 -1.495100000000000075e-02
4.200000000000000000e+01 5.009500000000000064e-02 1.317869999999999875e-01 -1.736899999999999902e-02
4.300000000000000000e+01 4.810799999999999799e-02 1.289879999999999916e-01 -1.819700000000000137e-02
4.400000000000000000e+01 4.766200000000000297e-02 1.286960000000000048e-01 -1.873000000000000012e-02
4.500000000000000000e+01 4.410599999999999937e-02 1.246670000000000000e-01 -2.270700000000000149e-02
4.600000000000000000e+01 4.907700000000000257e-02 1.292399999999999938e-01 -1.678400000000000031e-02
4.700000000000000000e+01 5.107300000000000034e-02 1.317629999999999912e-01 -1.460900000000000046e-02
4.800000000000000000e+01 5.083700000000000024e-02 1.315959999999999908e-01 -1.509300000000000051e-02
4.900000000000000000e+01 4.921199999999999880e-02 1.307030000000000136e-01 -1.754400000000000057e-02
5.000000000000000000e+01 4.463400000000000006e-02 1.272969999999999935e-01 -2.312099999999999919e-02
5.100000000000000000e+01 4.372800000000000298e-02 1.264319999999999888e-01 -2.360100000000000045e-02
5.200000000000000000e+01 4.337699999999999889e-02 1.252679999999999905e-01 -2.445900000000000157e-02
5.300000000000000000e+01 4.505800000000000083e-02 1.278380000000000072e-01 -2.291199999999999834e-02
5.400000000000000000e+01 4.445400000000000046e-02 1.262870000000000104e-01 -2.245499999999999927e-02
5.500000000000000000e+01 4.665199999999999902e-02 1.281720000000000081e-01 -2.016599999999999990e-02
5.600000000000000000e+01 4.492299999999999766e-02 1.258730000000000127e-01 -2.218300000000000133e-02
5.700000000000000000e+01 4.507900000000000101e-02 1.252260000000000040e-01 -2.083199999999999982e-02
5.800000000000000000e+01 4.612700000000000133e-02 1.262189999999999979e-01 -1.941999999999999976e-02
5.900000000000000000e+01 4.643400000000000305e-02 1.265660000000000118e-01 -1.880799999999999833e-02
6.000000000000000000e+01 4.465399999999999925e-02 1.244249999999999939e-01 -2.067400000000000140e-02
6.100000000000000000e+01 4.324900000000000272e-02 1.234640000000000043e-01 -2.257699999999999985e-02
6.200000000000000000e+01 4.304100000000000287e-02 1.236450000000000049e-01 -2.252300000000000135e-02
6.300000000000000000e+01 4.171099999999999808e-02 1.219910000000000022e-01 -2.439399999999999902e-02
6.400000000000000000e+01 4.442499999999999921e-02 1.247270000000000045e-01 -2.160300000000000067e-02
6.500000000000000000e+01 4.615400000000000058e-02 1.261950000000000016e-01 -1.946700000000000166e-02
6.600000000000000000e+01 4.604099999999999859e-02 1.260850000000000026e-01 -1.973899999999999960e-02
6.700000000000000000e+01 4.752599999999999880e-02 1.277800000000000047e-01 -1.806999999999999926e-02
6.800000000000000000e+01 4.678199999999999720e-02 1.273179999999999867e-01 -1.858999999999999889e-02
6.900000000000000000e+01 4.859000000000000125e-02 1.291309999999999958e-01 -1.790500000000000078e-02
7.000000000000000000e+01 4.834000000000000102e-02 1.288990000000000136e-01 -1.760099999999999859e-02
7.100000000000000000e+01 5.021699999999999775e-02 1.308350000000000068e-01 -1.583999999999999991e-02
7.200000000000000000e+01 5.105599999999999722e-02 1.314379999999999993e-01 -1.544599999999999966e-02
7.300000000000000000e+01 5.108000000000000040e-02 1.317409999999999970e-01 -1.545900000000000052e-02
7.400000000000000000e+01 5.197199999999999737e-02 1.321430000000000105e-01 -1.335500000000000055e-02
7.500000000000000000e+01 5.234599999999999670e-02 1.331730000000000136e-01 -1.436300000000000077e-02
7.600000000000000000e+01 5.321900000000000241e-02 1.336009999999999975e-01 -1.240400000000000010e-02
7.700000000000000000e+01 5.333399999999999946e-02 1.337460000000000038e-01 -1.275500000000000071e-02
7.800000000000000000e+01 5.366900000000000143e-02 1.344210000000000127e-01 -1.241899999999999948e-02
7.900000000000000000e+01 5.308899999999999730e-02 1.337949999999999973e-01 -1.305500000000000063e-02
8.000000000000000000e+01 5.162400000000000322e-02 1.318449999999999900e-01 -1.367699999999999992e-02
8.100000000000000000e+01 5.586300000000000293e-02 1.363590000000000080e-01 -1.050899999999999924e-02
8.200000000000000000e+01 5.058300000000000296e-02 1.309829999999999883e-01 -1.514500000000000048e-02
8.300000000000000000e+01 5.576099999999999807e-02 1.362180000000000057e-01 -1.020000000000000073e-02
8.400000000000000000e+01 5.506500000000000283e-02 1.357269999999999865e-01 -1.116600000000000058e-02
8.500000000000000000e+01 5.508199999999999902e-02 1.358779999999999988e-01 -1.107400000000000051e-02
8.600000000000000000e+01 5.605600000000000166e-02 1.369690000000000074e-01 -9.886000000000000690e-03
8.700000000000000000e+01 5.781599999999999934e-02 1.383880000000000110e-01 -7.692000000000000053e-03
8.800000000000000000e+01 5.694300000000000056e-02 1.372480000000000089e-01 -8.732000000000000178e-03
8.900000000000000000e+01 5.787400000000000183e-02 1.386040000000000050e-01 -7.992000000000000839e-03
9.000000000000000000e+01 5.684800000000000270e-02 1.376759999999999928e-01 -8.840999999999999900e-03
9.100000000000000000e+01 5.945099999999999690e-02 1.398629999999999873e-01 -6.465000000000000260e-03
9.200000000000000000e+01 5.984899999999999942e-02 1.407450000000000090e-01 -6.259999999999999939e-03
9.300000000000000000e+01 5.907300000000000051e-02 1.402269999999999905e-01 -6.980000000000000093e-03
9.400000000000000000e+01 6.163400000000000128e-02 1.424439999999999873e-01 -4.776999999999999996e-03
9.500000000000000000e+01 5.930099999999999955e-02 1.401429999999999898e-01 -6.891999999999999689e-03
9.600000000000000000e+01 6.046100000000000085e-02 1.413409999999999944e-01 -5.740000000000000310e-03
9.700000000000000000e+01 6.092499999999999999e-02 1.416729999999999934e-01 -5.279999999999999971e-03
9.800000000000000000e+01 6.131600000000000245e-02 1.417760000000000131e-01 -4.388000000000000407e-03
9.900000000000000000e+01 6.233000000000000346e-02 1.430089999999999972e-01 -3.471000000000000127e-03
1.000000000000000000e+02 6.347200000000000064e-02 1.435980000000000034e-01 -2.364000000000000216e-03
1.010000000000000000e+02 6.207700000000000023e-02 1.426779999999999993e-01 -3.965999999999999907e-03
1.020000000000000000e+02 6.324799999999999867e-02 1.439570000000000016e-01 -2.828999999999999918e-03
1.030000000000000000e+02 5.988099999999999673e-02 1.405260000000000120e-01 -6.437000000000000013e-03
1.040000000000000000e+02 6.409600000000000020e-02 1.447299999999999975e-01 -2.086000000000000180e-03
1.050000000000000000e+02 6.420599999999999918e-02 1.449719999999999898e-01 -2.037000000000000182e-03
1.060000000000000000e+02 6.437299999999999967e-02 1.449330000000000063e-01 -1.946000000000000030e-03
1.070000000000000000e+02 6.485200000000000686e-02 1.449900000000000078e-01 -1.211000000000000054e-03
1.080000000000000000e+02 6.687600000000000489e-02 1.472789999999999933e-01 3.089999999999999756e-04
1.090000000000000000e+02 6.219000000000000222e-02 1.421229999999999993e-01 -3.818000000000000213e-03
1.100000000000000000e+02 6.630199999999999982e-02 1.460130000000000039e-01 2.290000000000000098e-04
1.110000000000000000e+02 6.441900000000000404e-02 1.442960000000000076e-01 -1.771000000000000005e-03
1.120000000000000000e+02 6.277000000000000635e-02 1.427430000000000088e-01 -3.243999999999999922e-03
1.130000000000000000e+02 6.302199999999999469e-02 1.429690000000000127e-01 -2.792000000000000211e-03
1.140000000000000000e+02 6.479300000000000337e-02 1.449830000000000008e-01 -1.052999999999999900e-03
1.150000000000000000e+02 6.385599999999999610e-02 1.441530000000000034e-01 -2.115999999999999825e-03
1.160000000000000000e+02 6.608500000000000485e-02 1.460780000000000134e-01 5.209999999999999788e-04
1.170000000000000000e+02 6.591299999999999937e-02 1.459499999999999964e-01 2.439999999999999949e-04
1.180000000000000000e+02 6.718799999999999772e-02 1.472219999999999918e-01 1.647999999999999942e-03
1.190000000000000000e+02 6.689000000000000501e-02 1.471979999999999955e-01 1.276000000000000007e-03
1.200000000000000000e+02 6.819400000000000461e-02 1.485080000000000011e-01 2.784000000000000016e-03
1.210000000000000000e+02 6.887600000000000666e-02 1.492249999999999965e-01 3.599000000000000202e-03
1.220000000000000000e+02 6.865999999999999881e-02 1.487400000000000111e-01 3.428000000000000057e-03
1.230000000000000000e+02 6.963199999999999945e-02 1.500499999999999889e-01 4.331999999999999913e-03
1.240000000000000000e+02 6.860099999999999532e-02 1.486059999999999881e-01 3.458000000000000136e-03
1.250000000000000000e+02 6.856800000000000395e-02 1.484719999999999929e-01 3.628000000000000148e-03
1.260000000000000000e+02 6.858400000000000607e-02 1.487259999999999971e-01 3.625000000000000184e-03
1.270000000000000000e+02 6.957699999999999996e-02 1.494900000000000118e-01 4.605999999999999851e-03
1.280000000000000000e+02 6.770400000000000029e-02 1.476379999999999915e-01 2.850000000000000103e-03
1.290000000000000000e+02 6.961599999999999733e-02 1.494479999999999975e-01 5.019000000000000024e-03
1.300000000000000000e+02 7.024600000000000288e-02 1.499550000000000050e-01 5.407999999999999613e-03
1.310000000000000000e+02 7.039399999999999824e-02 1.500759999999999872e-01 5.785000000000000211e-03
1.320000000000000000e+02 7.042500000000000149e-02 1.501550000000000107e-01 5.918999999999999782e-03
1.330000000000000000e+02 7.123400000000000565e-02 1.507940000000000114e-01 6.623999999999999680e-03
1.340000000000000000e+02 7.023600000000000676e-02 1.496730000000000005e-01 5.650999999999999773e-03
1.350000000000000000e+02 7.135700000000000376e-02 1.506899999999999906e-01 6.771000000000000109e-03
1.360000000000000000e+02 6.987300000000000455e-02 1.492509999999999948e-01 5.252999999999999857e-03
1.370000000000000000e+02 7.085900000000000531e-02 1.500470000000000137e-01 6.246999999999999949e-03
1.380000000000000000e+02 7.052799999999999347e-02 1.498859999999999915e-01 5.897999999999999597e-03
1.390000000000000000e+02 7.015699999999999714e-02 1.496929999999999927e-01 5.510000000000000141e-03
1.400000000000000000e+02 7.021900000000000364e-02 1.498490000000000100e-01 5.775999999999999884e-03
1.410000000000000000e+02 7.073799999999999533e-02 1.504040000000000099e-01 6.402999999999999838e-03
1.420000000000000000e+02 7.035700000000000287e-02 1.502360000000000084e-01 6.003999999999999788e-03
1.430000000000000000e+02 7.100199999999999567e-02 1.509590000000000098e-01 6.680000000000000174e-03
1.440000000000000000e+02 7.097499999999999643e-02 1.509830000000000061e-01 6.775999999999999905e-03
1.450000000000000000e+02 7.095600000000000518e-02 1.511359999999999926e-01 6.668000000000000316e-03
1.460000000000000000e+02 7.090499999999999581e-02 1.510029999999999983e-01 6.813999999999999745e-03
1.470000000000000000e+02 7.104900000000000104e-02 1.512090000000000101e-01 6.987000000000000155e-03
1.480000000000000000e+02 7.072000000000000508e-02 1.508750000000000091e-01 6.562000000000000124e-03
1.490000000000000000e+02 7.120799999999999352e-02 1.512539999999999996e-01 7.047999999999999578e-03
1.500000000000000000e+02 7.127500000000000502e-02 1.513349999999999973e-01 7.110000000000000001e-03
1.510000000000000000e+02 7.053099999999999647e-02 1.507239999999999969e-01 6.258999999999999807e-03
1.520000000000000000e+02 7.103299999999999892e-02 1.510940000000000061e-01 6.742999999999999862e-03
1.530000000000000000e+02 7.083000000000000407e-02 1.509169999999999956e-01 6.533999999999999878e-03
1.540000000000000000e+02 7.099700000000000455e-02 1.511440000000000006e-01 6.766999999999999578e-03
1.550000000000000000e+02 7.065399999999999459e-02 1.507789999999999964e-01 6.392000000000000112e-03
1.560000000000000000e+02 7.107499999999999929e-02 1.511869999999999881e-01 6.819000000000000408e-03
1.570000000000000000e+02 7.080999999999999794e-02 1.509649999999999881e-01 6.536000000000000143e-03
1.580000000000000000e+02 7.088300000000000156e-02 1.510410000000000086e-01 6.588000000000000106e-03
1.590000000000000000e+02 7.108599999999999641e-02 1.512280000000000013e-01 6.735999999999999800e-03
1.600000000000000000e+02 7.100399999999999767e-02 1.511240000000000083e-01 6.633000000000000007e-03
1.610000000000000000e+02 7.091600000000000681e-02 1.509800000000000031e-01 6.522000000000000020e-03
1.620000000000000000e+02 7.084200000000000219e-02 1.509050000000000114e-01 6.444000000000000075e-03
1.630000000000000000e+02 7.081600000000000394e-02 1.508430000000000049e-01 6.472999999999999587e-03
1.640000000000000000e+02 7.055599999999999372e-02 1.506039999999999879e-01 6.152999999999999615e-03
1.650000000000000000e+02 7.072399999999999520e-02 1.507590000000000041e-01 6.355000000000000406e-03
1.660000000000000000e+02 7.051200000000000523e-02 1.505390000000000061e-01 6.172999999999999668e-03
1.670000000000000000e+02 7.050299999999999623e-02 1.505150000000000099e-01 6.121999999999999838e-03
1.680000000000000000e+02 7.050299999999999623e-02 1.505309999999999981e-01 6.126000000000000369e-03
1.690000000000000000e+02 7.038300000000000112e-02 1.503919999999999979e-01 5.984999999999999869e-03
1.700000000000000000e+02 7.032099999999999462e-02 1.503180000000000072e-01 5.871999999999999616e-03
1.710000000000000000e+02 7.024299999999999988e-02 1.502749999999999919e-01 5.778000000000000150e-03
1.720000000000000000e+02 7.027200000000000113e-02 1.502890000000000059e-01 5.801999999999999866e-03
1.730000000000000000e+02 7.005500000000000616e-02 1.500620000000000009e-01 5.579999999999999891e-03
1.740000000000000000e+02 7.007199999999999540e-02 1.501000000000000112e-01 5.603999999999999607e-03
1.750000000000000000e+02 6.998000000000000054e-02 1.500039999999999984e-01 5.510000000000000141e-03
1.760000000000000000e+02 6.989099999999999480e-02 1.499209999999999987e-01 5.420999999999999604e-03
1.770000000000000000e+02 6.984200000000000130e-02 1.498790000000000122e-01 5.359000000000000048e-03
1.780000000000000000e+02 6.976699999999999569e-02 1.498069999999999957e-01 5.283000000000000369e-03
1.790000000000000000e+02 6.966700000000000670e-02 1.497060000000000057e-01 5.180999999999999842e-03
1.800000000000000000e+02 6.963800000000000545e-02 1.496840000000000115e-01 5.154999999999999860e-03
1.810000000000000000e+02 6.956299999999999983e-02 1.496149999999999980e-01 5.080999999999999579e-03
1.820000000000000000e+02 6.948899999999999522e-02 1.495470000000000133e-01 5.020000000000000157e-03
1.830000000000000000e+02 6.940000000000000335e-02 1.494610000000000105e-01 4.931999999999999752e-03
1.840000000000000000e+02 6.933699999999999586e-02 1.494000000000000050e-01 4.874999999999999993e-03
1.850000000000000000e+02 6.927200000000000024e-02 1.493349999999999955e-01 4.808999999999999907e-03
1.860000000000000000e+02 6.920500000000000262e-02 1.492680000000000118e-01 4.741999999999999688e-03
1.870000000000000000e+02 6.913800000000000501e-02 1.492020000000000013e-01 4.675000000000000336e-03
1.880000000000000000e+02 6.907299999999999551e-02 1.491359999999999908e-01 4.610000000000000382e-03
1.890000000000000000e+02 6.900799999999999990e-02 1.490710000000000091e-01 4.545000000000000429e-03
1.900000000000000000e+02 6.894400000000000528e-02 1.490070000000000006e-01 4.480999999999999740e-03
1.910000000000000000e+02 6.887999999999999678e-02 1.489439999999999931e-01 4.416999999999999919e-03
1.920000000000000000e+02 6.881700000000000317e-02 1.488810000000000133e-01 4.354000000000000231e-03
1.930000000000000000e+02 6.875499999999999667e-02 1.488180000000000058e-01 4.291999999999999808e-03
1.940000000000000000e+02 6.869300000000000406e-02 1.487570000000000003e-01 4.230000000000000253e-03
1.950000000000000000e+02 6.863199999999999856e-02 1.486949999999999938e-01 4.168999999999999963e-03
1.960000000000000000e+02 6.857099999999999307e-02 1.486349999999999894e-01 4.107999999999999673e-03
1.970000000000000000e+02 6.851200000000000345e-02 1.485750000000000126e-01 4.048999999999999648e-03
1.980000000000000000e+02 6.845199999999999896e-02 1.485160000000000091e-01 3.989000000000000358e-03
1.990000000000000000e+02 6.839399999999999646e-02 1.484570000000000056e-01 3.930999999999999599e-03
2.000000000000000000e+02 6.833599999999999397e-02 1.483990000000000031e-01 3.873000000000000140e-03
2.010000000000000000e+02 6.827800000000000535e-02 1.483420000000000016e-01 3.814999999999999815e-03
2.020000000000000000e+02 6.822100000000000386e-02 1.482850000000000001e-01 3.758000000000000056e-03
2.030000000000000000e+02 6.816500000000000337e-02 1.482279999999999986e-01 3.701999999999999996e-03
2.040000000000000000e+02 6.810900000000000287e-02 1.481729999999999992e-01 3.645999999999999935e-03
2.050000000000000000e+02 6.805400000000000338e-02 1.481169999999999987e-01 3.591000000000000008e-03
2.060000000000000000e+02 6.799900000000000388e-02 1.480619999999999992e-01 3.536000000000000081e-03
2.070000000000000000e+02 6.794500000000000539e-02 1.480080000000000007e-01 3.481999999999999852e-03
2.080000000000000000e+02 6.789100000000000690e-02 1.479540000000000022e-01 3.428000000000000057e-03
2.090000000000000000e+02 6.783799999999999553e-02 1.479010000000000047e-01 3.374999999999999962e-03
