1.000000000000000000e+01 4.920299999999999674e-02 1.381050000000000055e-01 -2.076700000000000074e-02
1.100000000000000000e+01 2.027599999999999889e-02 1.051730000000000026e-01 -5.688900000000000207e-02
1.200000000000000000e+01 4.721100000000000296e-02 1.178069999999999951e-01 -1.305199999999999937e-02
1.300000000000000000e+01 4.880400000000000016e-02 1.297099999999999920e-01 -1.252499999999999968e-02
1.400000000000000000e+01 5.940700000000000147e-02 1.459380000000000122e-01 -5.186999999999999771e-03
1.500000000000000000e+01 4.154399999999999760e-02 1.252610000000000112e-01 -2.860199999999999895e-02
1.600000000000000000e+01 5.454300000000000120e-02 1.344400000000000039e-01 -1.164399999999999984e-02
1.700000000000000000e+01 5.304299999999999987e-02 1.364209999999999867e-01 -1.266899999999999971e-02
1.800000000000000000e+01 4.972399999999999737e-02 1.303279999999999994e-01 -1.912900000000000017e-02
1.900000000000000000e+01 4.125100000000000294e-02 1.224110000000000059e-01 -2.615699999999999970e-02
2.000000000000000000e+01 4.881300000000000222e-02 1.319170000000000065e-01 -1.702599999999999947e-02
2.100000000000000000e+01 4.069300000000000000e-02 1.179930000000000007e-01 -2.632699999999999971e-02
2.200000000000000000e+01 4.410599999999999937e-02 1.228009999999999935e-01 -2.149399999999999922e-02
2.300000000000000000e+01 4.031200000000000061e-02 1.253410000000000080e-01 -2.952000000000000110e-02
2.400000000000000000e+01 4.827399999999999747e-02 1.260979999999999879e-01 -1.824599999999999833e-02
2.500000000000000000e+01 4.973899999999999849e-02 1.332689999999999986e-01 -1.623399999999999843e-02
2.600000000000000000e+01 5.059500000000000108e-02 1.316579999999999973e-01 -1.485799999999999968e-02
2.700000000000000000e+01 4.993899999999999728e-02 1.296160000000000090e-01 -1.400700000000000035e-02
2.800000000000000000e+01 5.103300000000000197e-02 1.311849999999999961e-01 -1.802000000000000129e-02
2.900000000000000000e+01 5.014199999999999907e-02 1.337569999999999870e-01 -1.821499999999999855e-02
3.000000000000000000e+01 5.490400000000000141e-02 1.321100000000000052e-01 -7.426999999999999574e-03
3.100000000000000000e+01 4.788900000000000101e-02 1.275449999999999917e-01 -1.819399999999999837e-02
3.200000000000000000e+01 5.130300000000000138e-02 1.317069999999999907e-01 -1.780999999999999944e-02
3.300000000000000000e+01 4.654200000000000004e-02 1.273940000000000072e-01 -2.004099999999999979e-02
3.400000000000000000e+01 5.208800000000000235e-02 1.311869999999999981e-01 -1.387599999999999945e-02
3.500000000000000000e+01 5.238099999999999701e-02 1.313989999999999880e-01 -1.285500000000000011e-02
3.600000000000000000e+01 5.517299999999999982e-02 1.359140000000000070e-01 -1.459500000000000033e-02
3.700000000000000000e+01 5.100299999999999973e-02 1.318060000000000065e-01 -1.674799999999999900e-02
3.800000000000000000e+01 4.635100000000000331e-02 1.283440000000000136e-01 -1.979900000000000063e-02
3.900000000000000000e+01 5.368499999999999661e-02 1.325949999999999906e-01 -1.182000000000000065e-02
4.000000000000000000e+01 4.493099999999999872e-02 1.275399999999999867e-01 -2.289199999999999915e-02
4.100000000000000000e+01 4.393799999999999789e-02 1.262620000000000131e-01 -2.409700000000000036e-02
4.200000000000000000e+01 4.727499999999999758e-02 1.279460000000000042e-01 -1.968299999999999911e-02
4.300000000000000000e+01 4.026600000000000318e-02 1.222300000000000053e-01 -2.736099999999999990e-02
4.400000000000000000e+01 4.095300000000000329e-02 1.215750000000000025e-01 -2.598800000000000068e-02
4.500000000000000000e+01 4.120100000000000151e-02 1.220910000000000051e-01 -2.521400000000000030e-02
4.600000000000000000e+01 4.093499999999999917e-02 1.234969999999999957e-01 -2.609300000000000161e-02
4.700000000000000000e+01 4.649500000000000161e-02 1.265779999999999961e-01 -1.827499999999999958e-02
4.800000000000000000e+01 4.882700000000000234e-02 1.297860000000000125e-01 -1.834500000000000020e-02
4.900000000000000000e+01 4.640400000000000080e-02 1.272600000000000120e-01 -1.866400000000000003e-02
5.000000000000000000e+01 4.302700000000000274e-02 1.245909999999999934e-01 -2.401400000000000062e-02
5.100000000000000000e+01 3.967199999999999893e-02 1.216829999999999995e-01 -2.883099999999999899e-02
5.200000000000000000e+01 3.809799999999999992e-02 1.203270000000000034e-01 -3.005599999999999938e-02
5.300000000000000000e+01 3.717700000000000171e-02 1.210460000000000008e-01 -3.061499999999999985e-02
5.400000000000000000e+01 4.201799999999999979e-02 1.256629999999999969e-01 -2.688199999999999965e-02
5.500000000000000000e+01 3.868599999999999817e-02 1.197310000000000041e-01 -2.784800000000000123e-02
5.600000000000000000e+01 4.029400000000000343e-02 1.213280000000000053e-01 -2.632900000000000171e-02
5.700000000000000000e+01 4.286299999999999832e-02 1.233120000000000049e-01 -2.463800000000000018e-02
5.800000000000000000e+01 3.974899999999999961e-02 1.191969999999999974e-01 -2.508200000000000013e-02
5.900000000000000000e+01 4.393600000000000283e-02 1.227739999999999942e-01 -2.059700000000000072e-02
6.000000000000000000e+01 4.014899999999999719e-02 1.200940000000000063e-01 -2.492799999999999877e-02
6.100000000000000000e+01 4.412300000000000250e-02 1.237020000000000064e-01 -2.046200000000000102e-02
6.200000000000000000e+01 4.057999999999999802e-02 1.201020000000000004e-01 -2.503100000000000117e-02
6.300000000000000000e+01 4.298199999999999937e-02 1.236769999999999953e-01 -2.182999999999999871e-02
6.400000000000000000e+01 4.155099999999999766e-02 1.219120000000000065e-01 -2.391599999999999976e-02
6.500000000000000000e+01 4.608999999999999903e-02 1.256140000000000034e-01 -1.949400000000000091e-02
6.600000000000000000e+01 4.785699999999999676e-02 1.281529999999999891e-01 -1.776799999999999907e-02
6.700000000000000000e+01 4.600100000000000022e-02 1.258640000000000037e-01 -1.765699999999999908e-02
6.800000000000000000e+01 4.849200000000000038e-02 1.291140000000000065e-01 -1.801799999999999929e-02
6.900000000000000000e+01 4.822400000000000297e-02 1.283380000000000076e-01 -1.700199999999999975e-02
7.000000000000000000e+01 4.960300000000000126e-02 1.294899999999999940e-01 -1.609599999999999920e-02
7.100000000000000000e+01 4.949300000000000227e-02 1.311569999999999958e-01 -1.784499999999999975e-02
7.200000000000000000e+01 5.070600000000000107e-02 1.298890000000000045e-01 -1.399199999999999923e-02
7.300000000000000000e+01 4.944899999999999990e-02 1.291690000000000060e-01 -1.747200000000000142e-02
7.400000000000000000e+01 5.039300000000000029e-02 1.311450000000000116e-01 -1.516200000000000013e-02
7.500000000000000000e+01 4.886599999999999971e-02 1.276180000000000092e-01 -1.523099999999999975e-02
7.600000000000000000e+01 5.109199999999999853e-02 1.314430000000000043e-01 -1.432399999999999993e-02
7.700000000000000000e+01 5.122899999999999676e-02 1.316519999999999913e-01 -1.490999999999999964e-02
7.800000000000000000e+01 4.838300000000000239e-02 1.284389999999999976e-01 -1.727800000000000169e-02
7.900000000000000000e+01 5.237200000000000188e-02 1.323880000000000057e-01 -1.254800000000000013e-02
8.000000000000000000e+01 4.989799999999999791e-02 1.302780000000000049e-01 -1.600599999999999939e-02
8.100000000000000000e+01 4.766800000000000204e-02 1.281269999999999909e-01 -1.681399999999999909e-02
8.200000000000000000e+01 5.177199999999999858e-02 1.323219999999999952e-01 -1.477299999999999967e-02
8.300000000000000000e+01 4.956200000000000189e-02 1.300050000000000094e-01 -1.648300000000000112e-02
8.400000000000000000e+01 4.804800000000000043e-02 1.278890000000000027e-01 -1.705699999999999925e-02
8.500000000000000000e+01 5.125600000000000295e-02 1.323199999999999932e-01 -1.510700000000000064e-02
8.600000000000000000e+01 4.991899999999999810e-02 1.299669999999999992e-01 -1.512699999999999982e-02
8.700000000000000000e+01 5.110900000000000165e-02 1.314319999999999933e-01 -1.485799999999999968e-02
8.800000000000000000e+01 5.115000000000000102e-02 1.316640000000000033e-01 -1.337299999999999947e-02
8.900000000000000000e+01 5.081999999999999712e-02 1.303110000000000102e-01 -1.376899999999999999e-02
9.000000000000000000e+01 5.053799999999999959e-02 1.306849999999999956e-01 -1.474299999999999916e-02
9.100000000000000000e+01 4.779300000000000215e-02 1.283030000000000004e-01 -1.745299999999999976e-02
9.200000000000000000e+01 5.123300000000000076e-02 1.323809999999999987e-01 -1.405299999999999952e-02
9.300000000000000000e+01 5.135300000000000281e-02 1.323960000000000137e-01 -1.472799999999999977e-02
9.400000000000000000e+01 4.825800000000000228e-02 1.286549999999999916e-01 -1.721699999999999967e-02
9.500000000000000000e+01 5.079600000000000087e-02 1.314440000000000053e-01 -1.523399999999999928e-02
9.600000000000000000e+01 4.881499999999999728e-02 1.292800000000000060e-01 -1.753700000000000050e-02
9.700000000000000000e+01 4.898399999999999976e-02 1.299039999999999917e-01 -1.656900000000000039e-02
9.800000000000000000e+01 4.939000000000000334e-02 1.294800000000000118e-01 -1.651299999999999990e-02
9.900000000000000000e+01 5.171100000000000002e-02 1.321990000000000109e-01 -1.392099999999999935e-02
1.000000000000000000e+02 5.182500000000000301e-02 1.314559999999999895e-01 -1.348000000000000066e-02
1.010000000000000000e+02 5.147299999999999792e-02 1.316950000000000065e-01 -1.452200000000000019e-02
1.020000000000000000e+02 4.776199999999999890e-02 1.277300000000000102e-01 -1.738299999999999915e-02
1.030000000000000000e+02 5.185300000000000326e-02 1.325189999999999979e-01 -1.418499999999999969e-02
1.040000000000000000e+02 5.177500000000000158e-02 1.324569999999999914e-01 -1.473700000000000010e-02
1.050000000000000000e+02 4.920499999999999874e-02 1.296970000000000067e-01 -1.703700000000000006e-02
1.060000000000000000e+02 5.266799999999999954e-02 1.332730000000000026e-01 -1.380600000000000056e-02
1.070000000000000000e+02 5.086399999999999949e-02 1.317510000000000070e-01 -1.543199999999999954e-02
1.080000000000000000e+02 5.187100000000000044e-02 1.320630000000000137e-01 -1.417599999999999937e-02
1.090000000000000000e+02 5.412000000000000144e-02 1.332699999999999996e-01 -1.199199999999999919e-02
1.100000000000000000e+02 5.114699999999999802e-02 1.304710000000000036e-01 -1.523799999999999981e-02
1.110000000000000000e+02 5.113000000000000184e-02 1.313070000000000070e-01 -1.469400000000000046e-02
1.120000000000000000e+02 5.177999999999999964e-02 1.315350000000000130e-01 -1.422200000000000027e-02
1.130000000000000000e+02 5.126599999999999907e-02 1.308749999999999913e-01 -1.480500000000000045e-02
1.140000000000000000e+02 5.220099999999999740e-02 1.321239999999999915e-01 -1.309300000000000047e-02
1.150000000000000000e+02 5.127700000000000313e-02 1.315379999999999883e-01 -1.449800000000000047e-02
1.160000000000000000e+02 5.294299999999999701e-02 1.328310000000000046e-01 -1.268799999999999963e-02
1.170000000000000000e+02 5.358399999999999969e-02 1.338739999999999930e-01 -1.258399999999999970e-02
1.180000000000000000e+02 5.233800000000000258e-02 1.318900000000000072e-01 -1.295299999999999924e-02
1.190000000000000000e+02 5.361599999999999699e-02 1.336040000000000005e-01 -1.155400000000000003e-02
1.200000000000000000e+02 5.366599999999999843e-02 1.339329999999999965e-01 -1.183999999999999983e-02
1.210000000000000000e+02 5.434900000000000148e-02 1.348159999999999914e-01 -1.075199999999999941e-02
1.220000000000000000e+02 5.557399999999999840e-02 1.357829999999999870e-01 -9.447999999999999801e-03
1.230000000000000000e+02 5.540199999999999986e-02 1.349650000000000016e-01 -9.865999999999999770e-03
1.240000000000000000e+02 5.526299999999999962e-02 1.358209999999999973e-01 -1.000700000000000027e-02
1.250000000000000000e+02 5.379300000000000054e-02 1.339639999999999997e-01 -1.126699999999999924e-02
1.260000000000000000e+02 5.638499999999999762e-02 1.360020000000000118e-01 -8.583999999999999617e-03
1.270000000000000000e+02 5.486699999999999910e-02 1.351169999999999871e-01 -9.655000000000000387e-03
1.280000000000000000e+02 5.551999999999999991e-02 1.353520000000000001e-01 -9.280999999999999320e-03
1.290000000000000000e+02 5.561100000000000071e-02 1.351239999999999941e-01 -9.145999999999999616e-03
1.300000000000000000e+02 5.634399999999999825e-02 1.359519999999999895e-01 -7.960000000000000062e-03
1.310000000000000000e+02 5.672800000000000065e-02 1.363989999999999925e-01 -7.773999999999999660e-03
1.320000000000000000e+02 5.691299999999999831e-02 1.368199999999999972e-01 -7.849999999999999339e-03
1.330000000000000000e+02 6.015100000000000308e-02 1.393540000000000056e-01 -3.897999999999999989e-03
1.340000000000000000e+02 5.773500000000000160e-02 1.371950000000000114e-01 -6.747000000000000393e-03
1.350000000000000000e+02 5.715200000000000141e-02 1.363520000000000010e-01 -7.529000000000000102e-03
1.360000000000000000e+02 5.811999999999999805e-02 1.373469999999999969e-01 -6.813999999999999745e-03
1.370000000000000000e+02 5.810499999999999693e-02 1.370290000000000119e-01 -6.420000000000000359e-03
1.380000000000000000e+02 5.727499999999999952e-02 1.369420000000000082e-01 -7.395999999999999797e-03
1.390000000000000000e+02 5.809299999999999881e-02 1.375039999999999873e-01 -6.565999999999999788e-03
1.400000000000000000e+02 5.788200000000000289e-02 1.373989999999999934e-01 -6.307000000000000106e-03
1.410000000000000000e+02 5.725700000000000234e-02 1.370750000000000024e-01 -7.134999999999999849e-03
1.420000000000000000e+02 6.445099999999999441e-02 1.440279999999999894e-01 3.060000000000000111e-04
1.430000000000000000e+02 6.018899999999999945e-02 1.401689999999999880e-01 -4.022000000000000401e-03
1.440000000000000000e+02 6.622599999999999321e-02 1.460629999999999984e-01 2.144000000000000072e-03
1.450000000000000000e+02 6.400200000000000333e-02 1.441080000000000139e-01 -2.320000000000000014e-04
1.460000000000000000e+02 6.836000000000000409e-02 1.487779999999999936e-01 4.191000000000000281e-03
1.470000000000000000e+02 6.964099999999999457e-02 1.496679999999999955e-01 5.542000000000000051e-03
1.480000000000000000e+02 7.099700000000000455e-02 1.510479999999999878e-01 6.810000000000000081e-03
1.490000000000000000e+02 7.078900000000000470e-02 1.508760000000000101e-01 6.742999999999999862e-03
1.500000000000000000e+02 7.070200000000000096e-02 1.508629999999999971e-01 6.349999999999999742e-03
1.510000000000000000e+02 7.098300000000000443e-02 1.508490000000000109e-01 6.883000000000000229e-03
1.520000000000000000e+02 7.076599999999999557e-02 1.507489999999999941e-01 6.653000000000000060e-03
1.530000000000000000e+02 7.051699999999999635e-02 1.506389999999999951e-01 6.289000000000000319e-03
1.540000000000000000e+02 7.085299999999999931e-02 1.509240000000000026e-01 6.760000000000000384e-03
1.550000000000000000e+02 7.067299999999999971e-02 1.509359999999999868e-01 6.610000000000000424e-03
1.560000000000000000e+02 7.061199999999999422e-02 1.507850000000000024e-01 6.439000000000000279e-03
1.570000000000000000e+02 7.073599999999999333e-02 1.509209999999999996e-01 6.446000000000000341e-03
1.580000000000000000e+02 7.091999999999999693e-02 1.511629999999999918e-01 6.734999999999999667e-03
1.590000000000000000e+02 7.080000000000000182e-02 1.509669999999999901e-01 6.586999999999999973e-03
1.600000000000000000e+02 7.085199999999999831e-02 1.510289999999999966e-01 6.499999999999999702e-03
1.610000000000000000e+02 7.084300000000000319e-02 1.509909999999999863e-01 6.498999999999999569e-03
1.620000000000000000e+02 7.084300000000000319e-02 1.509600000000000108e-01 6.512000000000000427e-03
1.630000000000000000e+02 7.066600000000000659e-02 1.507280000000000009e-01 6.262000000000000205e-03
1.640000000000000000e+02 7.080899999999999694e-02 1.508599999999999941e-01 6.480999999999999782e-03
1.650000000000000000e+02 7.059999999999999609e-02 1.506520000000000081e-01 6.235000000000000091e-03
1.660000000000000000e+02 7.067299999999999971e-02 1.507429999999999881e-01 6.315000000000000301e-03
1.670000000000000000e+02 7.049900000000000611e-02 1.505360000000000031e-01 6.146000000000000421e-03
1.680000000000000000e+02 7.069100000000000383e-02 1.506760000000000044e-01 6.302999999999999575e-03
1.690000000000000000e+02 7.037400000000000599e-02 1.504139999999999922e-01 5.930999999999999640e-03
1.700000000000000000e+02 7.053500000000000048e-02 1.505539999999999934e-01 6.095999999999999856e-03
1.710000000000000000e+02 7.034400000000000375e-02 1.503470000000000084e-01 5.830000000000000113e-03
1.720000000000000000e+02 7.026200000000000501e-02 1.502779999999999949e-01 5.777000000000000017e-03
1.730000000000000000e+02 7.022599999999999676e-02 1.502390000000000114e-01 5.753000000000000301e-03
1.740000000000000000e+02 7.013999999999999402e-02 1.501460000000000017e-01 5.686000000000000082e-03
1.750000000000000000e+02 7.010900000000000465e-02 1.501399999999999957e-01 5.634000000000000119e-03
1.760000000000000000e+02 7.003500000000000003e-02 1.500769999999999882e-01 5.555000000000000042e-03
1.770000000000000000e+02 6.991600000000000592e-02 1.499350000000000127e-01 5.433999999999999594e-03
1.780000000000000000e+02 6.984500000000000430e-02 1.498800000000000132e-01 5.374000000000000304e-03
1.790000000000000000e+02 6.980999999999999706e-02 1.498500000000000110e-01 5.308000000000000218e-03
1.800000000000000000e+02 6.973899999999999544e-02 1.497729999999999895e-01 5.255000000000000122e-03
1.810000000000000000e+02 6.966700000000000670e-02 1.497130000000000127e-01 5.185999999999999638e-03
1.820000000000000000e+02 6.957000000000000683e-02 1.496369999999999922e-01 5.105000000000000163e-03
1.830000000000000000e+02 6.951200000000000434e-02 1.495759999999999867e-01 5.048999999999999669e-03
1.840000000000000000e+02 6.944300000000000472e-02 1.495060000000000000e-01 4.980000000000000052e-03
1.850000000000000000e+02 6.937400000000000511e-02 1.494369999999999865e-01 4.910999999999999567e-03
1.860000000000000000e+02 6.930600000000000649e-02 1.493690000000000018e-01 4.843000000000000083e-03
1.870000000000000000e+02 6.923799999999999399e-02 1.493019999999999903e-01 4.774999999999999731e-03
1.880000000000000000e+02 6.917199999999999738e-02 1.492350000000000065e-01 4.708999999999999644e-03
1.890000000000000000e+02 6.910600000000000076e-02 1.491689999999999960e-01 4.643000000000000425e-03
1.900000000000000000e+02 6.904000000000000414e-02 1.491039999999999865e-01 4.577000000000000339e-03
1.910000000000000000e+02 6.897599999999999565e-02 1.490390000000000048e-01 4.512999999999999651e-03
1.920000000000000000e+02 6.891200000000000103e-02 1.489749999999999963e-01 4.448999999999999830e-03
1.930000000000000000e+02 6.884800000000000642e-02 1.489119999999999888e-01 4.385000000000000009e-03
1.940000000000000000e+02 6.878599999999999992e-02 1.488490000000000091e-01 4.322999999999999586e-03
1.950000000000000000e+02 6.872399999999999343e-02 1.487870000000000026e-01 4.261000000000000031e-03
1.960000000000000000e+02 6.866200000000000081e-02 1.487259999999999971e-01 4.198999999999999608e-03
1.970000000000000000e+02 6.860199999999999632e-02 1.486649999999999916e-01 4.139000000000000318e-03
1.980000000000000000e+02 6.854100000000000470e-02 1.486049999999999871e-01 4.078000000000000028e-03
1.990000000000000000e+02 6.848200000000000121e-02 1.485450000000000104e-01 4.019000000000000003e-03
2.000000000000000000e+02 6.842299999999999771e-02 1.484870000000000079e-01 3.959999999999999978e-03
2.010000000000000000e+02 6.836499999999999522e-02 1.484280000000000044e-01 3.902000000000000086e-03
2.020000000000000000e+02 6.830700000000000660e-02 1.483700000000000019e-01 3.844000000000000195e-03
2.030000000000000000e+02 6.825000000000000511e-02 1.483130000000000004e-01 3.787000000000000002e-03
2.040000000000000000e+02 6.819300000000000361e-02 1.482559999999999989e-01 3.729999999999999809e-03
2.050000000000000000e+02 6.813700000000000312e-02 1.481999999999999984e-01 3.674000000000000182e-03
2.060000000000000000e+02 6.808100000000000263e-02 1.481449999999999989e-01 3.618000000000000122e-03
2.070000000000000000e+02 6.802600000000000313e-02 1.480899999999999994e-01 3.563000000000000195e-03
2.080000000000000000e+02 6.797200000000000464e-02 1.480349999999999999e-01 3.508999999999999966e-03
2.090000000000000000e+02 6.791800000000000614e-02 1.479810000000000014e-01 3.455000000000000172e-03
