
#   el. charges, nm, wavenumbers

-1.511505082915519779e+03
2.657479680563950296e+03
-2.581953205626960425e+03
4.817097850882790226e+03
-5.826513892125080019e+03
-2.514359159166360314e+03
2.983545463103700058e+03
-7.384591505333900159e+02
-2.348939570895170164e+03
5.878591504552799961e+03
-4.080253059878270051e+03
-3.930210536472000967e+03
4.219343489502351076e+03
-6.786349351865600283e+02
-2.481375122749160255e+03
4.754521094468750562e+03
-2.946821687346240196e+03
-2.914836463299420302e+03
-5.129946790661001614e+02
8.527883246499103507e+02
3.057260138857210222e+03
-3.670449635589219724e+03
4.147649666684260410e+03
-2.147098173397100254e+03
1.844190900933370131e+03
-2.467891155749030077e+03
1.403819172471759885e+03
2.582766192440059967e+03
-8.606394544449900650e+02
-2.443722219205300519e+02
-1.252835907181759922e+03
5.611037544361590335e+03
-1.827710496822100197e+02
-8.234743429889899744e+02
1.100668003964100080e+03
-1.766039639999799817e+02
-7.397599294343500560e+02
-2.738488009440699784e+02
-1.984779549113020039e+03
3.161589575172603190e+02
3.766637589676280186e+03
8.140320818597001562e+01
-3.827774198021400593e+02
-2.425255804450600294e+02
-1.614243387896700028e+02
-1.217424524422590139e+03
-9.655379815295500521e+02
-5.075476674183302634e+02
2.591407080853580283e+03
-6.383920879381099667e+02
5.648980800338700874e+02
-1.265355904103499824e+02
-1.150840904429700089e+02
-8.077720833988300910e+02
-6.512837359744100922e+02
-1.277550706298054284e-01
-1.001135189846002049e+01
3.559720831644997929e+01
1.454166284397310164e+03
-6.747790548729999500e+02
-4.137173750892600310e+02
-6.186481224771100642e+02
3.759018741827800909e+02
1.184277890642770217e+03
-5.368151926899299724e+02
-1.142827177272000228e+02
-2.040016196014499599e+02
1.419207851434010081e+03
-5.004282257550399891e+02
-1.155834966281600344e+02
-4.800106426489001876e+01
-6.415278942172101324e+02
2.875267233696110452e+03
-2.455835722720490594e+03
-1.514896399335880233e+03
-6.813061775724600011e+02
1.758374335761999987e+02
6.678918951563101700e+02
-1.554546927620510814e+02
-8.277251026117703532e+02
8.949126556658195568e+02
5.209770481610090428e+03
-1.282486697665250631e+03
1.962805676964660279e+03
-2.580826638185950287e+03
-1.733462096989150041e+03
-1.703880991089640020e+03
-7.714199587559301108e+02
4.748772116290401186e+02
2.206678492700000618e+02
-1.422587553757040041e+03
4.091414207412400401e+02
3.408273002461800729e+02
1.811334619586800159e+02
4.710352682322760302e+03
-9.067358067477598524e+02
1.428441058811360108e+03
-4.839710498384300195e+02
-1.156833778651980083e+03
-7.632087919436199854e+02
-8.621376730005599711e+02
-8.945177763566000806e+01
-3.253689366999500407e+02
-6.236421843290100924e+02
-1.207169276480200040e+02
-5.953386291357998772e+01
8.176324520320036982e+00
3.821130934348639585e+03
1.281034935499004632e+02
3.802687747788602337e+02
-1.036314290658570144e+03
-1.217447752617249989e+03
-1.092317467983830056e+03
-6.663472202114201082e+02
2.720137735659300802e+02
1.686715355235900233e+02
2.311786073536500794e+02
-2.944986659968101890e+02
5.056777977482004616e+01
1.121224956238200434e+02
-1.063851315427992184e+01
