-1.511505082915519779e+04
2.657479680563950023e+04
-2.581953205626960334e+04
4.817097850882790226e+04
-5.826513892125080019e+04
-2.514359159166360405e+04
2.983545463103700240e+04
-7.384591505333900386e+03
-2.348939570895170255e+04
5.878591504552800325e+04
-4.080253059878270142e+04
-3.930210536472000967e+04
4.219343489502350712e+04
-6.786349351865600511e+03
-2.481375122749160073e+04
4.754521094468750380e+04
-2.946821687346240287e+04
-2.914836463299420211e+04
-5.129946790661001614e+03
8.527883246499102825e+03
3.057260138857210040e+04
-3.670449635589219542e+04
4.147649666684259864e+04
-2.147098173397100254e+04
1.844190900933369994e+04
-2.467891155749030440e+04
1.403819172471759885e+04
2.582766192440059967e+04
-8.606394544449900422e+03
-2.443722219205300462e+03
-1.252835907181760012e+04
5.611037544361589971e+04
-1.827710496822100367e+03
-8.234743429889900654e+03
1.100668003964099989e+04
-1.766039639999799874e+03
-7.397599294343500333e+03
-2.738488009440699898e+03
-1.984779549113020039e+04
3.161589575172602963e+03
3.766637589676280186e+04
8.140320818597001562e+02
-3.827774198021400480e+03
-2.425255804450599953e+03
-1.614243387896700142e+03
-1.217424524422590002e+04
-9.655379815295500521e+03
-5.075476674183302748e+03
2.591407080853580192e+04
-6.383920879381100349e+03
5.648980800338700647e+03
-1.265355904103499824e+03
-1.150840904429700004e+03
-8.077720833988300910e+03
-6.512837359744100468e+03
-1.277550706298054228e+00
-1.001135189846002049e+02
3.559720831644997929e+02
1.454166284397310119e+04
-6.747790548729999500e+03
-4.137173750892599855e+03
-6.186481224771099733e+03
3.759018741827801023e+03
1.184277890642770217e+04
-5.368151926899299724e+03
-1.142827177272000199e+03
-2.040016196014499656e+03
1.419207851434010081e+04
-5.004282257550400573e+03
-1.155834966281600373e+03
-4.800106426489001592e+02
-6.415278942172101779e+03
2.875267233696110270e+04
-2.455835722720490230e+04
-1.514896399335880051e+04
-6.813061775724600921e+03
1.758374335762000101e+03
6.678918951563101473e+03
-1.554546927620510814e+03
-8.277251026117703077e+03
8.949126556658195113e+03
5.209770481610090792e+04
-1.282486697665250540e+04
1.962805676964660233e+04
-2.580826638185949923e+04
-1.733462096989150086e+04
-1.703880991089640156e+04
-7.714199587559301108e+03
4.748772116290400845e+03
2.206678492700000788e+03
-1.422587553757040041e+04
4.091414207412400629e+03
3.408273002461800843e+03
1.811334619586800045e+03
4.710352682322760666e+04
-9.067358067477598524e+03
1.428441058811360199e+04
-4.839710498384300081e+03
-1.156833778651979992e+04
-7.632087919436199627e+03
-8.621376730005598802e+03
-8.945177763566001659e+02
-3.253689366999500180e+03
-6.236421843290101606e+03
-1.207169276480200097e+03
-5.953386291357998061e+02
8.176324520320036982e+01
3.821130934348639857e+04
1.281034935499004632e+03
3.802687747788602337e+03
-1.036314290658570098e+04
-1.217447752617250080e+04
-1.092317467983830102e+04
-6.663472202114201536e+03
2.720137735659300688e+03
1.686715355235900233e+03
2.311786073536500680e+03
-2.944986659968102231e+03
5.056777977482004758e+02
1.121224956238200321e+03
-1.063851315427992148e+02
