1.000000000000000000e+01 -7.391000000000000000e-03 8.399399999999999922e-02 -8.204899999999999693e-02
1.100000000000000000e+01 -1.424599999999999998e-02 5.923599999999999699e-02 -8.159800000000000386e-02
1.200000000000000000e+01 -1.840299999999999922e-02 6.136199999999999988e-02 -8.717099999999999849e-02
1.300000000000000000e+01 -1.075199999999999941e-02 7.062599999999999434e-02 -7.909700000000000064e-02
1.400000000000000000e+01 2.112000000000000162e-03 8.525699999999999945e-02 -6.863099999999999756e-02
1.500000000000000000e+01 5.307000000000000085e-03 9.005100000000000604e-02 -6.446200000000000541e-02
1.600000000000000000e+01 -1.343600000000000003e-02 6.749900000000000344e-02 -8.031599999999999850e-02
1.700000000000000000e+01 -1.133100000000000079e-02 6.794200000000000239e-02 -7.543700000000000405e-02
1.800000000000000000e+01 -1.074999999999999914e-02 7.031700000000000450e-02 -7.847500000000000309e-02
1.900000000000000000e+01 -1.533400000000000041e-02 6.429300000000000292e-02 -7.947300000000000197e-02
2.000000000000000000e+01 -1.775499999999999995e-02 6.262199999999999711e-02 -8.592099999999999738e-02
2.100000000000000000e+01 -2.135899999999999951e-02 5.542799999999999810e-02 -8.551699999999999580e-02
2.200000000000000000e+01 -1.922600000000000003e-02 5.714400000000000035e-02 -8.513700000000000434e-02
2.300000000000000000e+01 -2.101700000000000096e-02 5.817800000000000055e-02 -8.782600000000000129e-02
2.400000000000000000e+01 -1.767099999999999921e-02 6.159099999999999991e-02 -8.430400000000000393e-02
2.500000000000000000e+01 -1.530399999999999990e-02 6.416600000000000081e-02 -8.313800000000000356e-02
2.600000000000000000e+01 -1.258599999999999997e-02 6.818599999999999661e-02 -7.899899999999999978e-02
2.700000000000000000e+01 -1.285500000000000011e-02 6.319199999999999817e-02 -7.679800000000000515e-02
2.800000000000000000e+01 -1.364800000000000041e-02 6.408800000000000607e-02 -7.822099999999999886e-02
2.900000000000000000e+01 -9.709000000000000616e-03 6.851400000000000545e-02 -7.501099999999999435e-02
3.000000000000000000e+01 -8.586999999999999147e-03 6.844300000000000384e-02 -7.239700000000000302e-02
3.100000000000000000e+01 -1.043099999999999930e-02 6.693699999999999650e-02 -7.566000000000000503e-02
3.200000000000000000e+01 -1.056499999999999974e-02 6.600599999999999523e-02 -7.541299999999999393e-02
3.300000000000000000e+01 -1.087600000000000025e-02 6.518999999999999795e-02 -7.462900000000000089e-02
3.400000000000000000e+01 -1.190899999999999945e-02 6.532699999999999618e-02 -7.711400000000000199e-02
3.500000000000000000e+01 -1.119700000000000036e-02 6.525899999999999757e-02 -7.687900000000000289e-02
3.600000000000000000e+01 -8.425000000000000197e-03 6.829000000000000348e-02 -7.532400000000000206e-02
3.700000000000000000e+01 -8.722000000000000586e-03 6.894300000000000428e-02 -7.614400000000000335e-02
3.800000000000000000e+01 -1.130699999999999934e-02 6.866899999999999393e-02 -7.935399999999999399e-02
3.900000000000000000e+01 -1.115799999999999952e-02 6.909800000000000664e-02 -8.067900000000000071e-02
4.000000000000000000e+01 -1.407699999999999924e-02 6.790999999999999814e-02 -8.319000000000000006e-02
4.100000000000000000e+01 -1.494799999999999948e-02 6.891999999999999515e-02 -8.474900000000000488e-02
4.200000000000000000e+01 -1.472799999999999977e-02 6.625699999999999645e-02 -8.281399999999999872e-02
4.300000000000000000e+01 -1.567500000000000143e-02 6.634400000000000019e-02 -8.418100000000000582e-02
4.400000000000000000e+01 -1.620900000000000118e-02 6.486400000000000499e-02 -8.515999999999999959e-02
4.500000000000000000e+01 -1.823100000000000068e-02 6.232000000000000040e-02 -8.452600000000000391e-02
4.600000000000000000e+01 -1.746999999999999942e-02 6.303499999999999381e-02 -8.428199999999999581e-02
4.700000000000000000e+01 -1.356199999999999940e-02 6.640799999999999481e-02 -7.926600000000000312e-02
4.800000000000000000e+01 -1.054899999999999935e-02 6.911299999999999388e-02 -7.640900000000000469e-02
4.900000000000000000e+01 -8.035000000000000475e-03 7.293099999999999583e-02 -7.441100000000000492e-02
5.000000000000000000e+01 -9.945999999999999980e-03 7.169000000000000372e-02 -7.685300000000000464e-02
5.100000000000000000e+01 -1.333900000000000016e-02 6.933899999999999786e-02 -8.080700000000000383e-02
5.200000000000000000e+01 -1.459799999999999986e-02 6.794500000000000539e-02 -8.203199999999999381e-02
5.300000000000000000e+01 -1.592899999999999872e-02 6.717499999999999860e-02 -8.361000000000000376e-02
5.400000000000000000e+01 -1.643000000000000016e-02 6.587099999999999900e-02 -8.259500000000000175e-02
5.500000000000000000e+01 -1.494400000000000069e-02 6.540100000000000080e-02 -7.964100000000000346e-02
5.600000000000000000e+01 -1.273200000000000026e-02 6.789299999999999502e-02 -7.686500000000000277e-02
5.700000000000000000e+01 -1.017500000000000002e-02 6.880999999999999617e-02 -7.310500000000000331e-02
5.800000000000000000e+01 -8.420999999999999666e-03 7.021399999999999864e-02 -7.280899999999999872e-02
5.900000000000000000e+01 -9.209999999999999437e-03 6.962000000000000133e-02 -7.230100000000000415e-02
6.000000000000000000e+01 -7.032000000000000056e-03 7.085500000000000131e-02 -6.996600000000000041e-02
6.100000000000000000e+01 -6.877000000000000300e-03 7.122499999999999665e-02 -6.947399999999999409e-02
6.200000000000000000e+01 -6.642000000000000334e-03 7.195100000000000107e-02 -7.017400000000000027e-02
6.300000000000000000e+01 -8.122000000000000747e-03 7.149800000000000599e-02 -7.174999999999999434e-02
6.400000000000000000e+01 -8.623999999999999722e-03 6.934999999999999498e-02 -7.153900000000000536e-02
6.500000000000000000e+01 -6.968000000000000235e-03 7.089199999999999668e-02 -6.884300000000000141e-02
6.600000000000000000e+01 -4.681000000000000265e-03 7.254399999999999737e-02 -6.604699999999999460e-02
6.700000000000000000e+01 -2.882000000000000013e-03 7.327999999999999792e-02 -6.412199999999999844e-02
6.800000000000000000e+01 -2.782000000000000185e-03 7.532899999999999319e-02 -6.530500000000000194e-02
6.900000000000000000e+01 -1.639999999999999965e-03 7.422600000000000031e-02 -6.310000000000000331e-02
7.000000000000000000e+01 -1.083999999999999894e-03 7.659699999999999842e-02 -6.382500000000000673e-02
7.100000000000000000e+01 -1.856000000000000011e-03 7.558900000000000341e-02 -6.364200000000000412e-02
7.200000000000000000e+01 -3.910000000000000172e-04 7.719399999999999873e-02 -6.269099999999999673e-02
7.300000000000000000e+01 -4.719999999999999803e-04 7.780199999999999616e-02 -6.317399999999999405e-02
7.400000000000000000e+01 -2.021999999999999926e-03 7.597199999999999787e-02 -6.438399999999999679e-02
7.500000000000000000e+01 -2.047000000000000208e-03 7.603000000000000036e-02 -6.444999999999999341e-02
7.600000000000000000e+01 -2.771000000000000026e-03 7.591299999999999437e-02 -6.662099999999999966e-02
7.700000000000000000e+01 -3.709000000000000057e-03 7.452000000000000290e-02 -6.576899999999999413e-02
7.800000000000000000e+01 -2.717999999999999930e-03 7.504500000000000060e-02 -6.542299999999999505e-02
7.900000000000000000e+01 -2.811000000000000131e-03 7.493900000000000561e-02 -6.496699999999999697e-02
8.000000000000000000e+01 -3.631999999999999812e-03 7.420200000000000407e-02 -6.496799999999999797e-02
8.100000000000000000e+01 -4.210000000000000200e-03 7.347399999999999765e-02 -6.610399999999999610e-02
8.200000000000000000e+01 -3.968000000000000173e-03 7.402899999999999758e-02 -6.639599999999999669e-02
8.300000000000000000e+01 -4.915000000000000098e-03 7.406000000000000083e-02 -6.797400000000000664e-02
8.400000000000000000e+01 -3.726999999999999844e-03 7.469599999999999851e-02 -6.584199999999999775e-02
8.500000000000000000e+01 -3.011999999999999920e-03 7.483900000000000274e-02 -6.523800000000000432e-02
8.600000000000000000e+01 -2.716999999999999797e-03 7.539999999999999480e-02 -6.533500000000000418e-02
8.700000000000000000e+01 -2.258000000000000024e-03 7.574899999999999689e-02 -6.376700000000000423e-02
8.800000000000000000e+01 -2.245000000000000034e-03 7.581699999999999551e-02 -6.415600000000000469e-02
8.900000000000000000e+01 -1.502000000000000080e-03 7.620399999999999396e-02 -6.248700000000000088e-02
9.000000000000000000e+01 -1.763000000000000027e-03 7.643500000000000294e-02 -6.316499999999999893e-02
9.100000000000000000e+01 -1.333999999999999899e-03 7.709799999999999986e-02 -6.306499999999999606e-02
9.200000000000000000e+01 -9.259999999999999568e-04 7.761300000000000143e-02 -6.282500000000000584e-02
9.300000000000000000e+01 -7.060000000000000303e-04 7.834800000000000098e-02 -6.298600000000000032e-02
9.400000000000000000e+01 -5.999999999999999474e-04 7.825300000000000311e-02 -6.252199999999999425e-02
9.500000000000000000e+01 -1.018000000000000025e-03 7.807799999999999463e-02 -6.323499999999999954e-02
9.600000000000000000e+01 -4.620000000000000083e-04 7.824599999999999611e-02 -6.239399999999999807e-02
9.700000000000000000e+01 -1.157999999999999958e-03 7.764699999999999380e-02 -6.322899999999999354e-02
9.800000000000000000e+01 -6.109999999999999980e-04 7.795100000000000640e-02 -6.284099999999999409e-02
9.900000000000000000e+01 3.399999999999999973e-05 7.823700000000000099e-02 -6.156500000000000167e-02
1.000000000000000000e+02 9.520000000000000467e-04 7.939400000000000623e-02 -6.133799999999999669e-02
1.010000000000000000e+02 1.092000000000000089e-03 7.957100000000000284e-02 -6.112999999999999684e-02
1.020000000000000000e+02 2.199999999999999943e-05 7.835899999999999810e-02 -6.181099999999999789e-02
1.030000000000000000e+02 1.023000000000000038e-03 7.941299999999999748e-02 -6.149400000000000005e-02
1.040000000000000000e+02 1.761999999999999894e-03 7.994999999999999329e-02 -6.046800000000000092e-02
1.050000000000000000e+02 1.317999999999999944e-03 8.003300000000000691e-02 -6.127699999999999814e-02
1.060000000000000000e+02 2.762000000000000132e-03 8.121799999999999853e-02 -5.933999999999999692e-02
1.070000000000000000e+02 4.402999999999999796e-03 8.250599999999999601e-02 -5.815599999999999936e-02
1.080000000000000000e+02 5.817000000000000122e-03 8.407199999999999396e-02 -5.712199999999999916e-02
1.090000000000000000e+02 8.264000000000000512e-03 8.620099999999999985e-02 -5.513200000000000045e-02
1.100000000000000000e+02 9.025999999999999301e-03 8.682700000000000140e-02 -5.392500000000000071e-02
1.110000000000000000e+02 9.997000000000000677e-03 8.787799999999999778e-02 -5.279400000000000065e-02
1.120000000000000000e+02 1.155600000000000030e-02 8.945300000000000473e-02 -5.154700000000000254e-02
1.130000000000000000e+02 1.261400000000000021e-02 9.053899999999999448e-02 -5.018399999999999944e-02
1.140000000000000000e+02 1.410600000000000048e-02 9.196200000000000208e-02 -4.863599999999999868e-02
1.150000000000000000e+02 1.501500000000000057e-02 9.327199999999999380e-02 -4.746000000000000218e-02
1.160000000000000000e+02 1.669899999999999857e-02 9.530500000000000083e-02 -4.627900000000000069e-02
1.170000000000000000e+02 1.845099999999999865e-02 9.680999999999999328e-02 -4.437100000000000072e-02
1.180000000000000000e+02 1.998899999999999982e-02 9.863399999999999945e-02 -4.287099999999999939e-02
1.190000000000000000e+02 2.147999999999999909e-02 9.994899999999999618e-02 -4.115300000000000208e-02
1.200000000000000000e+02 2.234699999999999881e-02 1.013369999999999965e-01 -4.066700000000000176e-02
1.210000000000000000e+02 2.425599999999999978e-02 1.031230000000000063e-01 -3.862800000000000261e-02
1.220000000000000000e+02 2.574800000000000005e-02 1.047020000000000034e-01 -3.739599999999999869e-02
1.230000000000000000e+02 2.744299999999999864e-02 1.063859999999999945e-01 -3.596400000000000291e-02
1.240000000000000000e+02 2.810999999999999957e-02 1.075139999999999985e-01 -3.512699999999999850e-02
1.250000000000000000e+02 2.912100000000000105e-02 1.085389999999999966e-01 -3.421300000000000036e-02
1.260000000000000000e+02 3.061699999999999838e-02 1.099689999999999973e-01 -3.249300000000000105e-02
1.270000000000000000e+02 3.169399999999999995e-02 1.103480000000000016e-01 -3.133799999999999780e-02
1.280000000000000000e+02 3.274099999999999927e-02 1.112790000000000029e-01 -3.052399999999999905e-02
1.290000000000000000e+02 3.470499999999999974e-02 1.134649999999999964e-01 -2.862900000000000167e-02
1.300000000000000000e+02 3.590999999999999748e-02 1.146609999999999990e-01 -2.729200000000000029e-02
1.310000000000000000e+02 3.633399999999999824e-02 1.152330000000000021e-01 -2.685600000000000140e-02
1.320000000000000000e+02 3.793799999999999950e-02 1.166989999999999972e-01 -2.526199999999999973e-02
1.330000000000000000e+02 3.904200000000000031e-02 1.179579999999999934e-01 -2.440600000000000061e-02
1.340000000000000000e+02 4.058400000000000202e-02 1.192850000000000021e-01 -2.298700000000000049e-02
1.350000000000000000e+02 4.173500000000000126e-02 1.205529999999999935e-01 -2.192900000000000058e-02
1.360000000000000000e+02 4.253300000000000136e-02 1.214969999999999939e-01 -2.138999999999999929e-02
1.370000000000000000e+02 4.319200000000000123e-02 1.221539999999999987e-01 -2.050000000000000086e-02
1.380000000000000000e+02 4.511500000000000232e-02 1.240819999999999979e-01 -1.843900000000000053e-02
1.390000000000000000e+02 4.498400000000000315e-02 1.241600000000000065e-01 -1.874800000000000078e-02
1.400000000000000000e+02 4.703600000000000142e-02 1.265749999999999931e-01 -1.663800000000000001e-02
1.410000000000000000e+02 4.773700000000000165e-02 1.270820000000000005e-01 -1.579900000000000054e-02
1.420000000000000000e+02 4.893600000000000033e-02 1.285699999999999898e-01 -1.468900000000000067e-02
1.430000000000000000e+02 5.094599999999999823e-02 1.307939999999999936e-01 -1.275399999999999971e-02
1.440000000000000000e+02 5.718299999999999772e-02 1.369900000000000007e-01 -6.172999999999999668e-03
1.450000000000000000e+02 5.692500000000000338e-02 1.368679999999999897e-01 -6.604999999999999760e-03
1.460000000000000000e+02 6.037700000000000011e-02 1.402420000000000055e-01 -3.206000000000000082e-03
1.470000000000000000e+02 6.243800000000000044e-02 1.422430000000000083e-01 -1.046999999999999971e-03
1.480000000000000000e+02 6.298800000000000232e-02 1.429799999999999960e-01 -7.069999999999999462e-04
1.490000000000000000e+02 6.468000000000000138e-02 1.447299999999999975e-01 8.829999999999999958e-04
1.500000000000000000e+02 6.531299999999999606e-02 1.453919999999999935e-01 1.381999999999999982e-03
1.510000000000000000e+02 6.597300000000000386e-02 1.459280000000000022e-01 2.007999999999999802e-03
1.520000000000000000e+02 6.648700000000000443e-02 1.464540000000000008e-01 2.478000000000000168e-03
1.530000000000000000e+02 6.675000000000000377e-02 1.467720000000000136e-01 2.882000000000000013e-03
1.540000000000000000e+02 6.715300000000000435e-02 1.472910000000000053e-01 3.184000000000000198e-03
1.550000000000000000e+02 6.745900000000000507e-02 1.476429999999999965e-01 3.556999999999999832e-03
1.560000000000000000e+02 6.768799999999999817e-02 1.479399999999999882e-01 3.661999999999999891e-03
1.570000000000000000e+02 6.807799999999999963e-02 1.483230000000000104e-01 4.006000000000000012e-03
1.580000000000000000e+02 6.839800000000000046e-02 1.486599999999999866e-01 4.304999999999999799e-03
1.590000000000000000e+02 6.865200000000000469e-02 1.488609999999999933e-01 4.551999999999999623e-03
1.600000000000000000e+02 6.892199999999999716e-02 1.490259999999999918e-01 4.721000000000000370e-03
1.610000000000000000e+02 6.914299999999999613e-02 1.492789999999999950e-01 4.972999999999999990e-03
1.620000000000000000e+02 6.924199999999999799e-02 1.493680000000000008e-01 4.924000000000000425e-03
1.630000000000000000e+02 6.941500000000000448e-02 1.494979999999999920e-01 5.059000000000000129e-03
1.640000000000000000e+02 6.956400000000000083e-02 1.495799999999999907e-01 5.231999999999999672e-03
1.650000000000000000e+02 6.959799999999999320e-02 1.496520000000000072e-01 5.257999999999999653e-03
1.660000000000000000e+02 6.967500000000000082e-02 1.497199999999999920e-01 5.348000000000000323e-03
1.670000000000000000e+02 6.978700000000000181e-02 1.497960000000000125e-01 5.395999999999999755e-03
1.680000000000000000e+02 6.983300000000000618e-02 1.498480000000000090e-01 5.440999999999999656e-03
1.690000000000000000e+02 6.985399999999999943e-02 1.498490000000000100e-01 5.451000000000000116e-03
1.700000000000000000e+02 6.993099999999999317e-02 1.499169999999999947e-01 5.494999999999999885e-03
1.710000000000000000e+02 6.996700000000000141e-02 1.499550000000000050e-01 5.500999999999999814e-03
1.720000000000000000e+02 6.994100000000000317e-02 1.499620000000000120e-01 5.480999999999999761e-03
1.730000000000000000e+02 6.993800000000000017e-02 1.499510000000000010e-01 5.479000000000000363e-03
1.740000000000000000e+02 6.993199999999999417e-02 1.499580000000000080e-01 5.461999999999999841e-03
1.750000000000000000e+02 6.991999999999999604e-02 1.499689999999999912e-01 5.415999999999999807e-03
1.760000000000000000e+02 6.988999999999999380e-02 1.499510000000000010e-01 5.395999999999999755e-03
1.770000000000000000e+02 6.984600000000000530e-02 1.499010000000000065e-01 5.348000000000000323e-03
1.780000000000000000e+02 6.981600000000000306e-02 1.498599999999999932e-01 5.316999999999999678e-03
1.790000000000000000e+02 6.976300000000000556e-02 1.497950000000000115e-01 5.277999999999999706e-03
1.800000000000000000e+02 6.970600000000000407e-02 1.497300000000000020e-01 5.237000000000000335e-03
1.810000000000000000e+02 6.964800000000000157e-02 1.496889999999999887e-01 5.187999999999999903e-03
1.820000000000000000e+02 6.958100000000000396e-02 1.496409999999999962e-01 5.120000000000000419e-03
1.830000000000000000e+02 6.951200000000000434e-02 1.495759999999999867e-01 5.048999999999999669e-03
1.840000000000000000e+02 6.944300000000000472e-02 1.495060000000000000e-01 4.980000000000000052e-03
1.850000000000000000e+02 6.937400000000000511e-02 1.494369999999999865e-01 4.910999999999999567e-03
1.860000000000000000e+02 6.930600000000000649e-02 1.493690000000000018e-01 4.843000000000000083e-03
1.870000000000000000e+02 6.923799999999999399e-02 1.493019999999999903e-01 4.774999999999999731e-03
1.880000000000000000e+02 6.917199999999999738e-02 1.492350000000000065e-01 4.708999999999999644e-03
1.890000000000000000e+02 6.910600000000000076e-02 1.491689999999999960e-01 4.643000000000000425e-03
1.900000000000000000e+02 6.904000000000000414e-02 1.491039999999999865e-01 4.577000000000000339e-03
1.910000000000000000e+02 6.897599999999999565e-02 1.490390000000000048e-01 4.512999999999999651e-03
1.920000000000000000e+02 6.891200000000000103e-02 1.489749999999999963e-01 4.448999999999999830e-03
1.930000000000000000e+02 6.884800000000000642e-02 1.489119999999999888e-01 4.385000000000000009e-03
1.940000000000000000e+02 6.878599999999999992e-02 1.488490000000000091e-01 4.322999999999999586e-03
1.950000000000000000e+02 6.872399999999999343e-02 1.487870000000000026e-01 4.261000000000000031e-03
1.960000000000000000e+02 6.866200000000000081e-02 1.487259999999999971e-01 4.198999999999999608e-03
1.970000000000000000e+02 6.860199999999999632e-02 1.486649999999999916e-01 4.139000000000000318e-03
1.980000000000000000e+02 6.854100000000000470e-02 1.486049999999999871e-01 4.078000000000000028e-03
1.990000000000000000e+02 6.848200000000000121e-02 1.485450000000000104e-01 4.019000000000000003e-03
2.000000000000000000e+02 6.842299999999999771e-02 1.484870000000000079e-01 3.959999999999999978e-03
2.010000000000000000e+02 6.836499999999999522e-02 1.484280000000000044e-01 3.902000000000000086e-03
2.020000000000000000e+02 6.830700000000000660e-02 1.483700000000000019e-01 3.844000000000000195e-03
2.030000000000000000e+02 6.825000000000000511e-02 1.483130000000000004e-01 3.787000000000000002e-03
2.040000000000000000e+02 6.819300000000000361e-02 1.482559999999999989e-01 3.729999999999999809e-03
2.050000000000000000e+02 6.813700000000000312e-02 1.481999999999999984e-01 3.674000000000000182e-03
2.060000000000000000e+02 6.808100000000000263e-02 1.481449999999999989e-01 3.618000000000000122e-03
2.070000000000000000e+02 6.802600000000000313e-02 1.480899999999999994e-01 3.563000000000000195e-03
2.080000000000000000e+02 6.797200000000000464e-02 1.480349999999999999e-01 3.508999999999999966e-03
2.090000000000000000e+02 6.791800000000000614e-02 1.479810000000000014e-01 3.455000000000000172e-03
