1.000000000000000000e+01 9.707999999999999616e-03 9.410399999999999321e-02 -5.859099999999999725e-02
1.100000000000000000e+01 -7.129099999999999326e-02 1.110399999999999929e-02 -1.374630000000000019e-01
1.200000000000000000e+01 3.388700000000000045e-02 1.158340000000000064e-01 -3.295900000000000218e-02
1.300000000000000000e+01 -2.927799999999999847e-02 5.175300000000000039e-02 -9.755500000000000282e-02
1.400000000000000000e+01 8.276000000000000370e-03 8.660199999999999843e-02 -5.505399999999999877e-02
1.500000000000000000e+01 -2.079599999999999851e-02 6.221700000000000147e-02 -8.784100000000000241e-02
1.600000000000000000e+01 -2.701999999999999975e-03 7.785100000000000353e-02 -6.938500000000000223e-02
1.700000000000000000e+01 -4.544000000000000296e-03 7.620799999999999796e-02 -7.088899999999999368e-02
1.800000000000000000e+01 -6.364300000000000512e-02 1.843300000000000147e-02 -1.293759999999999910e-01
1.900000000000000000e+01 -1.111339999999999967e-01 -2.755200000000000010e-02 -1.806210000000000038e-01
2.000000000000000000e+01 -1.136220000000000008e-01 -3.530900000000000011e-02 -1.792050000000000032e-01
2.100000000000000000e+01 -9.025800000000000489e-02 -7.811000000000000235e-03 -1.578080000000000038e-01
2.200000000000000000e+01 -9.751200000000000145e-02 -1.956499999999999906e-02 -1.631990000000000107e-01
2.300000000000000000e+01 -1.102159999999999945e-01 -3.029099999999999848e-02 -1.772670000000000079e-01
2.400000000000000000e+01 -7.037000000000000199e-02 1.033599999999999970e-02 -1.364620000000000000e-01
2.500000000000000000e+01 -1.017210000000000059e-01 -2.012999999999999859e-02 -1.681060000000000054e-01
2.600000000000000000e+01 -6.267300000000000648e-02 1.801900000000000029e-02 -1.288249999999999951e-01
2.700000000000000000e+01 -1.056350000000000067e-01 -2.287799999999999903e-02 -1.727360000000000007e-01
2.800000000000000000e+01 -1.018550000000000011e-01 -2.170300000000000007e-02 -1.675889999999999880e-01
2.900000000000000000e+01 -1.203540000000000026e-01 -3.880999999999999728e-02 -1.866230000000000111e-01
3.000000000000000000e+01 -1.165609999999999979e-01 -3.640000000000000180e-02 -1.831399999999999972e-01
3.100000000000000000e+01 -1.191190000000000027e-01 -3.899500000000000188e-02 -1.848859999999999948e-01
3.200000000000000000e+01 -1.553700000000000081e-01 -7.545899999999999830e-02 -2.210739999999999927e-01
3.300000000000000000e+01 -1.456079999999999874e-01 -6.519899999999999307e-02 -2.121399999999999952e-01
3.400000000000000000e+01 -1.263739999999999863e-01 -4.555300000000000321e-02 -1.928499999999999936e-01
3.500000000000000000e+01 -1.393820000000000059e-01 -5.910900000000000182e-02 -2.061240000000000017e-01
3.600000000000000000e+01 -1.913990000000000136e-01 -1.102299999999999947e-01 -2.579239999999999866e-01
3.700000000000000000e+01 -1.807630000000000070e-01 -9.962500000000000522e-02 -2.483219999999999872e-01
3.800000000000000000e+01 -1.995929999999999926e-01 -1.181350000000000039e-01 -2.665580000000000171e-01
3.900000000000000000e+01 -2.157679999999999876e-01 -1.347480000000000067e-01 -2.826699999999999768e-01
4.000000000000000000e+01 -1.934480000000000088e-01 -1.120879999999999932e-01 -2.603289999999999771e-01
4.100000000000000000e+01 -2.268189999999999928e-01 -1.454159999999999897e-01 -2.940559999999999841e-01
4.200000000000000000e+01 -2.367239999999999900e-01 -1.550330000000000041e-01 -3.041889999999999872e-01
4.300000000000000000e+01 -2.642860000000000209e-01 -1.834069999999999867e-01 -3.305910000000000237e-01
4.400000000000000000e+01 -2.362499999999999878e-01 -1.552149999999999919e-01 -3.026409999999999934e-01
4.500000000000000000e+01 -2.384340000000000070e-01 -1.578730000000000133e-01 -3.052469999999999906e-01
4.600000000000000000e+01 -2.067160000000000108e-01 -1.265529999999999988e-01 -2.725770000000000137e-01
4.700000000000000000e+01 -1.696680000000000132e-01 -8.897900000000000253e-02 -2.353510000000000046e-01
4.800000000000000000e+01 -2.332789999999999864e-01 -1.525199999999999889e-01 -2.992090000000000027e-01
4.900000000000000000e+01 -2.538520000000000221e-01 -1.723609999999999864e-01 -3.206080000000000041e-01
5.000000000000000000e+01 -3.113319999999999976e-01 -2.286690000000000111e-01 -3.790870000000000073e-01
5.100000000000000000e+01 -2.968069999999999875e-01 -2.141029999999999878e-01 -3.641360000000000152e-01
5.200000000000000000e+01 -3.042599999999999749e-01 -2.223680000000000101e-01 -3.720950000000000091e-01
5.300000000000000000e+01 -2.998730000000000007e-01 -2.170930000000000082e-01 -3.678429999999999755e-01
5.400000000000000000e+01 -3.119649999999999923e-01 -2.301310000000000022e-01 -3.788739999999999886e-01
5.500000000000000000e+01 -2.651850000000000041e-01 -1.836659999999999959e-01 -3.320040000000000213e-01
5.600000000000000000e+01 -2.930340000000000167e-01 -2.120839999999999947e-01 -3.601400000000000157e-01
5.700000000000000000e+01 -3.132590000000000097e-01 -2.331120000000000136e-01 -3.791700000000000070e-01
5.800000000000000000e+01 -2.630739999999999745e-01 -1.829820000000000058e-01 -3.286209999999999964e-01
5.900000000000000000e+01 -2.815150000000000152e-01 -2.013830000000000064e-01 -3.467580000000000107e-01
6.000000000000000000e+01 -3.151780000000000137e-01 -2.354070000000000051e-01 -3.805060000000000109e-01
6.100000000000000000e+01 -3.233559999999999768e-01 -2.431409999999999960e-01 -3.891819999999999724e-01
6.200000000000000000e+01 -3.277030000000000221e-01 -2.470990000000000131e-01 -3.932669999999999777e-01
6.300000000000000000e+01 -3.351919999999999900e-01 -2.549120000000000275e-01 -4.012959999999999861e-01
6.400000000000000000e+01 -2.801270000000000149e-01 -1.998250000000000026e-01 -3.461549999999999905e-01
6.500000000000000000e+01 -2.770320000000000005e-01 -1.969899999999999984e-01 -3.426520000000000121e-01
6.600000000000000000e+01 -2.849149999999999738e-01 -2.048699999999999966e-01 -3.506949999999999790e-01
6.700000000000000000e+01 -2.917870000000000186e-01 -2.115329999999999988e-01 -3.573839999999999795e-01
6.800000000000000000e+01 -3.151039999999999952e-01 -2.345679999999999987e-01 -3.804770000000000096e-01
6.900000000000000000e+01 -3.141030000000000211e-01 -2.335619999999999918e-01 -3.805990000000000206e-01
7.000000000000000000e+01 -2.993790000000000062e-01 -2.188199999999999867e-01 -3.653199999999999781e-01
7.100000000000000000e+01 -3.477299999999999836e-01 -2.671120000000000161e-01 -4.137870000000000159e-01
7.200000000000000000e+01 -3.457120000000000193e-01 -2.653300000000000103e-01 -4.122140000000000248e-01
7.300000000000000000e+01 -3.505380000000000162e-01 -2.698769999999999780e-01 -4.170769999999999755e-01
7.400000000000000000e+01 -3.827309999999999879e-01 -3.025599999999999956e-01 -4.480589999999999851e-01
7.500000000000000000e+01 -3.905109999999999970e-01 -3.096840000000000148e-01 -4.572200000000000153e-01
7.600000000000000000e+01 -4.131719999999999837e-01 -3.327890000000000015e-01 -4.787939999999999974e-01
7.700000000000000000e+01 -3.512750000000000039e-01 -2.708630000000000204e-01 -4.173640000000000128e-01
7.800000000000000000e+01 -4.074690000000000256e-01 -3.267169999999999797e-01 -4.735579999999999790e-01
7.900000000000000000e+01 -4.210389999999999966e-01 -3.403320000000000234e-01 -4.871820000000000039e-01
8.000000000000000000e+01 -4.520790000000000086e-01 -3.718580000000000219e-01 -5.173799999999999510e-01
8.100000000000000000e+01 -3.922669999999999768e-01 -3.117710000000000203e-01 -4.586390000000000189e-01
8.200000000000000000e+01 -4.869410000000000127e-01 -4.065409999999999857e-01 -5.526689999999999658e-01
8.300000000000000000e+01 -3.727820000000000022e-01 -2.923250000000000015e-01 -4.387429999999999941e-01
8.400000000000000000e+01 -4.044059999999999877e-01 -3.237439999999999762e-01 -4.706370000000000275e-01
8.500000000000000000e+01 -4.229339999999999766e-01 -3.421390000000000264e-01 -4.890909999999999980e-01
8.600000000000000000e+01 -4.193200000000000260e-01 -3.384070000000000134e-01 -4.852620000000000267e-01
8.700000000000000000e+01 -4.051330000000000209e-01 -3.245609999999999884e-01 -4.706409999999999760e-01
8.800000000000000000e+01 -4.271869999999999834e-01 -3.468820000000000237e-01 -4.928620000000000223e-01
8.900000000000000000e+01 -4.505290000000000128e-01 -3.697989999999999888e-01 -5.163950000000000484e-01
9.000000000000000000e+01 -4.575159999999999783e-01 -3.766880000000000228e-01 -5.232040000000000024e-01
9.100000000000000000e+01 -4.366260000000000141e-01 -3.562139999999999751e-01 -5.025420000000000442e-01
9.200000000000000000e+01 -4.510669999999999957e-01 -3.701709999999999723e-01 -5.171759999999999691e-01
9.300000000000000000e+01 -4.818560000000000065e-01 -4.007020000000000026e-01 -5.479089999999999794e-01
9.400000000000000000e+01 -4.410620000000000096e-01 -3.602520000000000167e-01 -5.074729999999999519e-01
9.500000000000000000e+01 -5.150289999999999591e-01 -4.341860000000000164e-01 -5.812209999999999877e-01
9.600000000000000000e+01 -4.749369999999999981e-01 -3.940569999999999906e-01 -5.411380000000000079e-01
9.700000000000000000e+01 -4.770240000000000036e-01 -3.962760000000000171e-01 -5.432289999999999619e-01
9.800000000000000000e+01 -4.545870000000000188e-01 -3.741269999999999873e-01 -5.202909999999999480e-01
9.900000000000000000e+01 -5.078049999999999509e-01 -4.271260000000000057e-01 -5.736059999999999492e-01
1.000000000000000000e+02 -4.860909999999999953e-01 -4.059650000000000203e-01 -5.519269999999999454e-01
1.010000000000000000e+02 -5.218279999999999585e-01 -4.412269999999999803e-01 -5.878710000000000324e-01
1.020000000000000000e+02 -4.919789999999999996e-01 -4.112700000000000244e-01 -5.580559999999999965e-01
1.030000000000000000e+02 -5.952910000000000146e-01 -5.146460000000000479e-01 -6.616090000000000027e-01
1.040000000000000000e+02 -4.582319999999999727e-01 -3.775979999999999892e-01 -5.244140000000000468e-01
1.050000000000000000e+02 -5.107850000000000446e-01 -4.300200000000000133e-01 -5.770290000000000141e-01
1.060000000000000000e+02 -4.991459999999999786e-01 -4.185860000000000136e-01 -5.654649999999999954e-01
1.070000000000000000e+02 -4.595890000000000253e-01 -3.794520000000000115e-01 -5.256530000000000369e-01
1.080000000000000000e+02 -4.822839999999999905e-01 -4.018809999999999882e-01 -5.488509999999999778e-01
1.090000000000000000e+02 -5.124469999999999859e-01 -4.325129999999999808e-01 -5.784540000000000237e-01
1.100000000000000000e+02 -4.606109999999999927e-01 -3.809009999999999896e-01 -5.266840000000000410e-01
1.110000000000000000e+02 -4.838720000000000243e-01 -4.039940000000000198e-01 -5.500620000000000509e-01
1.120000000000000000e+02 -4.811099999999999821e-01 -4.011370000000000213e-01 -5.471240000000000547e-01
1.130000000000000000e+02 -4.471749999999999892e-01 -3.672290000000000276e-01 -5.129899999999999460e-01
1.140000000000000000e+02 -4.416539999999999910e-01 -3.614640000000000075e-01 -5.074999999999999512e-01
1.150000000000000000e+02 -4.215070000000000205e-01 -3.412089999999999845e-01 -4.874789999999999957e-01
1.160000000000000000e+02 -3.862510000000000110e-01 -3.062590000000000034e-01 -4.518159999999999954e-01
1.170000000000000000e+02 -3.830310000000000104e-01 -3.029939999999999856e-01 -4.486999999999999877e-01
1.180000000000000000e+02 -3.587739999999999818e-01 -2.787399999999999878e-01 -4.243140000000000245e-01
1.190000000000000000e+02 -3.313940000000000219e-01 -2.510859999999999759e-01 -3.970090000000000008e-01
1.200000000000000000e+02 -3.074609999999999843e-01 -2.271459999999999868e-01 -3.728699999999999792e-01
1.210000000000000000e+02 -2.979359999999999786e-01 -2.175870000000000026e-01 -3.632119999999999793e-01
1.220000000000000000e+02 -3.142759999999999998e-01 -2.341959999999999875e-01 -3.795080000000000120e-01
1.230000000000000000e+02 -2.665690000000000004e-01 -1.861510000000000109e-01 -3.318699999999999983e-01
1.240000000000000000e+02 -3.068629999999999969e-01 -2.268570000000000031e-01 -3.720060000000000033e-01
1.250000000000000000e+02 -3.054740000000000233e-01 -2.255689999999999917e-01 -3.704129999999999923e-01
1.260000000000000000e+02 -2.896000000000000241e-01 -2.094580000000000053e-01 -3.545590000000000130e-01
1.270000000000000000e+02 -2.508639999999999759e-01 -1.709499999999999909e-01 -3.158340000000000036e-01
1.280000000000000000e+02 -2.871750000000000136e-01 -2.072410000000000085e-01 -3.520300000000000096e-01
1.290000000000000000e+02 -2.234929999999999972e-01 -1.436610000000000109e-01 -2.880900000000000127e-01
1.300000000000000000e+02 -2.169399999999999940e-01 -1.372309999999999919e-01 -2.817779999999999729e-01
1.310000000000000000e+02 -1.896509999999999863e-01 -1.099689999999999973e-01 -2.542599999999999860e-01
1.320000000000000000e+02 -2.074729999999999908e-01 -1.277429999999999954e-01 -2.719790000000000263e-01
1.330000000000000000e+02 -1.782150000000000123e-01 -9.865500000000000658e-02 -2.428240000000000121e-01
1.340000000000000000e+02 -2.088270000000000126e-01 -1.293900000000000050e-01 -2.734119999999999884e-01
1.350000000000000000e+02 -1.574969999999999981e-01 -7.816399999999999737e-02 -2.220830000000000026e-01
1.360000000000000000e+02 -2.130640000000000034e-01 -1.336870000000000003e-01 -2.776839999999999864e-01
1.370000000000000000e+02 -1.435450000000000059e-01 -6.435699999999999754e-02 -2.081570000000000087e-01
1.380000000000000000e+02 -1.555559999999999998e-01 -7.619900000000000284e-02 -2.201869999999999938e-01
1.390000000000000000e+02 -1.543210000000000137e-01 -7.478500000000000425e-02 -2.189679999999999960e-01
1.400000000000000000e+02 -1.269949999999999968e-01 -4.736499999999999738e-02 -1.914379999999999971e-01
1.410000000000000000e+02 -1.101469999999999949e-01 -3.048000000000000015e-02 -1.744819999999999982e-01
1.420000000000000000e+02 -1.145250000000000018e-01 -3.464600000000000318e-02 -1.788780000000000092e-01
1.430000000000000000e+02 -6.939700000000000035e-02 1.055999999999999994e-02 -1.337190000000000045e-01
1.440000000000000000e+02 -7.586099999999999788e-02 4.146999999999999645e-03 -1.400599999999999901e-01
1.450000000000000000e+02 -6.740100000000000258e-02 1.277999999999999969e-02 -1.316890000000000005e-01
1.460000000000000000e+02 -4.976300000000000168e-02 3.033500000000000085e-02 -1.138539999999999969e-01
1.470000000000000000e+02 -4.497500000000000109e-02 3.518500000000000100e-02 -1.090369999999999950e-01
1.480000000000000000e+02 -4.508700000000000208e-02 3.506700000000000095e-02 -1.092449999999999949e-01
1.490000000000000000e+02 -3.019700000000000162e-02 4.984800000000000342e-02 -9.435699999999999643e-02
1.500000000000000000e+02 -9.757999999999999313e-03 7.030300000000000438e-02 -7.392200000000000160e-02
1.510000000000000000e+02 -3.546099999999999947e-02 4.473200000000000093e-02 -9.973300000000000221e-02
1.520000000000000000e+02 -2.700000000000000143e-03 7.736099999999999921e-02 -6.698999999999999400e-02
1.530000000000000000e+02 -6.936999999999999590e-03 7.315000000000000668e-02 -7.123200000000000365e-02
1.540000000000000000e+02 5.086000000000000243e-03 8.523200000000000220e-02 -5.914500000000000313e-02
1.550000000000000000e+02 6.094999999999999724e-03 8.621900000000000397e-02 -5.816700000000000342e-02
1.560000000000000000e+02 2.783100000000000157e-02 1.079429999999999973e-01 -3.642499999999999905e-02
1.570000000000000000e+02 2.140799999999999995e-02 1.015630000000000005e-01 -4.286600000000000132e-02
1.580000000000000000e+02 2.711399999999999921e-02 1.072720000000000062e-01 -3.717999999999999777e-02
1.590000000000000000e+02 3.697099999999999692e-02 1.171129999999999949e-01 -2.737900000000000056e-02
1.600000000000000000e+02 3.047899999999999915e-02 1.105990000000000029e-01 -3.389199999999999852e-02
1.610000000000000000e+02 3.635599999999999943e-02 1.164189999999999947e-01 -2.803900000000000142e-02
1.620000000000000000e+02 3.349300000000000194e-02 1.135560000000000042e-01 -3.090599999999999944e-02
1.630000000000000000e+02 4.042899999999999966e-02 1.204569999999999946e-01 -2.391400000000000123e-02
1.640000000000000000e+02 3.810499999999999998e-02 1.181519999999999931e-01 -2.629799999999999846e-02
1.650000000000000000e+02 4.838599999999999846e-02 1.284210000000000074e-01 -1.598300000000000068e-02
1.660000000000000000e+02 4.397199999999999720e-02 1.239989999999999981e-01 -2.036699999999999969e-02
1.670000000000000000e+02 4.663599999999999690e-02 1.266480000000000106e-01 -1.774600000000000136e-02
1.680000000000000000e+02 5.358600000000000169e-02 1.336140000000000105e-01 -1.079100000000000024e-02
1.690000000000000000e+02 5.013600000000000001e-02 1.301450000000000107e-01 -1.426200000000000037e-02
1.700000000000000000e+02 4.896999999999999964e-02 1.289679999999999993e-01 -1.547800000000000044e-02
1.710000000000000000e+02 5.147899999999999698e-02 1.315099999999999880e-01 -1.298700000000000028e-02
1.720000000000000000e+02 5.364499999999999824e-02 1.336620000000000030e-01 -1.082499999999999955e-02
1.730000000000000000e+02 5.078900000000000081e-02 1.307959999999999956e-01 -1.368600000000000025e-02
1.740000000000000000e+02 5.537899999999999767e-02 1.354059999999999986e-01 -9.090000000000000857e-03
1.750000000000000000e+02 5.402799999999999964e-02 1.340510000000000035e-01 -1.044199999999999989e-02
1.760000000000000000e+02 5.494799999999999685e-02 1.349779999999999869e-01 -9.520999999999999949e-03
1.770000000000000000e+02 5.594799999999999773e-02 1.359849999999999948e-01 -8.534999999999999185e-03
1.780000000000000000e+02 5.648600000000000149e-02 1.365250000000000075e-01 -7.997999999999999901e-03
1.790000000000000000e+02 5.568300000000000333e-02 1.357230000000000103e-01 -8.802000000000000796e-03
1.800000000000000000e+02 5.728899999999999965e-02 1.373360000000000136e-01 -7.192999999999999741e-03
1.810000000000000000e+02 5.690900000000000125e-02 1.369620000000000004e-01 -7.571999999999999738e-03
1.820000000000000000e+02 5.694300000000000056e-02 1.370010000000000117e-01 -7.525999999999999704e-03
1.830000000000000000e+02 5.620399999999999702e-02 1.362649999999999972e-01 -8.264000000000000512e-03
1.840000000000000000e+02 5.655099999999999710e-02 1.366149999999999864e-01 -7.910000000000000364e-03
1.850000000000000000e+02 5.663300000000000278e-02 1.366960000000000119e-01 -7.830000000000000154e-03
1.860000000000000000e+02 5.663300000000000278e-02 1.366960000000000119e-01 -7.830000000000000154e-03
1.870000000000000000e+02 5.663300000000000278e-02 1.366960000000000119e-01 -7.830000000000000154e-03
1.880000000000000000e+02 5.663300000000000278e-02 1.366960000000000119e-01 -7.830000000000000154e-03
1.890000000000000000e+02 5.663300000000000278e-02 1.366960000000000119e-01 -7.830000000000000154e-03
1.900000000000000000e+02 5.663300000000000278e-02 1.366960000000000119e-01 -7.830000000000000154e-03
1.910000000000000000e+02 5.663300000000000278e-02 1.366960000000000119e-01 -7.830000000000000154e-03
1.920000000000000000e+02 5.663300000000000278e-02 1.366960000000000119e-01 -7.830000000000000154e-03
1.930000000000000000e+02 5.663300000000000278e-02 1.366960000000000119e-01 -7.830000000000000154e-03
1.940000000000000000e+02 5.663300000000000278e-02 1.366960000000000119e-01 -7.830000000000000154e-03
1.950000000000000000e+02 5.663300000000000278e-02 1.366960000000000119e-01 -7.830000000000000154e-03
1.960000000000000000e+02 5.663300000000000278e-02 1.366960000000000119e-01 -7.830000000000000154e-03
1.970000000000000000e+02 5.663300000000000278e-02 1.366960000000000119e-01 -7.830000000000000154e-03
1.980000000000000000e+02 5.663300000000000278e-02 1.366960000000000119e-01 -7.830000000000000154e-03
1.990000000000000000e+02 5.663300000000000278e-02 1.366960000000000119e-01 -7.830000000000000154e-03
2.000000000000000000e+02 5.663300000000000278e-02 1.366960000000000119e-01 -7.830000000000000154e-03
2.010000000000000000e+02 5.663300000000000278e-02 1.366960000000000119e-01 -7.830000000000000154e-03
2.020000000000000000e+02 5.663300000000000278e-02 1.366960000000000119e-01 -7.830000000000000154e-03
2.030000000000000000e+02 5.663300000000000278e-02 1.366960000000000119e-01 -7.830000000000000154e-03
2.040000000000000000e+02 5.663300000000000278e-02 1.366960000000000119e-01 -7.830000000000000154e-03
2.050000000000000000e+02 5.663300000000000278e-02 1.366960000000000119e-01 -7.830000000000000154e-03
2.060000000000000000e+02 5.663300000000000278e-02 1.366960000000000119e-01 -7.830000000000000154e-03
2.070000000000000000e+02 5.663300000000000278e-02 1.366960000000000119e-01 -7.830000000000000154e-03
2.080000000000000000e+02 5.663300000000000278e-02 1.366960000000000119e-01 -7.830000000000000154e-03
2.090000000000000000e+02 5.663300000000000278e-02 1.366960000000000119e-01 -7.830000000000000154e-03
