1.000000000000000000e+01 -8.613920000000000465e-01 -7.733649999999999691e-01 -9.207889999999999686e-01
1.100000000000000000e+01 -9.416740000000000110e-01 -8.437529999999999752e-01 -1.016914000000000096e+00
1.200000000000000000e+01 -6.477680000000000105e-01 -5.735460000000000003e-01 -7.387650000000000050e-01
1.300000000000000000e+01 -1.239783000000000079e+00 -1.141413000000000011e+00 -1.316389999999999949e+00
1.400000000000000000e+01 -1.088084000000000051e+00 -9.979670000000000485e-01 -1.161048999999999998e+00
1.500000000000000000e+01 -8.769630000000000480e-01 -7.991319999999999535e-01 -9.491849999999999454e-01
1.600000000000000000e+01 -1.451883999999999952e+00 -1.358368999999999938e+00 -1.518316999999999917e+00
1.700000000000000000e+01 -1.424126000000000003e+00 -1.346646999999999927e+00 -1.500958999999999932e+00
1.800000000000000000e+01 -1.463149000000000033e+00 -1.389272999999999980e+00 -1.523231999999999919e+00
1.900000000000000000e+01 -1.550748000000000015e+00 -1.456584000000000101e+00 -1.637569999999999970e+00
2.000000000000000000e+01 -2.029875000000000096e+00 -1.952579000000000065e+00 -2.088818999999999981e+00
2.100000000000000000e+01 -2.064604999999999801e+00 -1.976428999999999991e+00 -2.143367000000000022e+00
2.200000000000000000e+01 -1.786869999999999958e+00 -1.702231000000000050e+00 -1.849361999999999950e+00
2.300000000000000000e+01 -2.223434000000000133e+00 -2.151441999999999855e+00 -2.285629999999999828e+00
2.400000000000000000e+01 -1.738871999999999973e+00 -1.655281999999999920e+00 -1.804607999999999990e+00
2.500000000000000000e+01 -2.459613000000000049e+00 -2.385971000000000064e+00 -2.523559999999999803e+00
2.600000000000000000e+01 -2.235552999999999901e+00 -2.153480000000000061e+00 -2.303881000000000068e+00
2.700000000000000000e+01 -2.652217999999999964e+00 -2.559755000000000003e+00 -2.728174999999999795e+00
2.800000000000000000e+01 -2.382001999999999953e+00 -2.307138999999999829e+00 -2.443620000000000125e+00
2.900000000000000000e+01 -2.266859000000000179e+00 -2.179733999999999838e+00 -2.337517000000000067e+00
3.000000000000000000e+01 -2.531591999999999842e+00 -2.452942000000000178e+00 -2.599171000000000120e+00
3.100000000000000000e+01 -2.564188000000000134e+00 -2.487522999999999929e+00 -2.625342999999999982e+00
3.200000000000000000e+01 -2.793190000000000062e+00 -2.713335999999999970e+00 -2.860028999999999932e+00
3.300000000000000000e+01 -2.729598000000000191e+00 -2.652671999999999919e+00 -2.794353999999999782e+00
3.400000000000000000e+01 -2.849134999999999973e+00 -2.770547999999999789e+00 -2.910963999999999885e+00
3.500000000000000000e+01 -2.842013000000000122e+00 -2.762350999999999779e+00 -2.907325999999999855e+00
3.600000000000000000e+01 -3.001020000000000021e+00 -2.921977000000000046e+00 -3.071058999999999983e+00
3.700000000000000000e+01 -2.953228000000000186e+00 -2.882633999999999919e+00 -3.014406999999999837e+00
3.800000000000000000e+01 -3.015639000000000181e+00 -2.935299000000000103e+00 -3.085443999999999853e+00
3.900000000000000000e+01 -3.280317000000000149e+00 -3.201086000000000098e+00 -3.347177999999999987e+00
4.000000000000000000e+01 -3.508796999999999944e+00 -3.429138000000000019e+00 -3.577252999999999794e+00
4.100000000000000000e+01 -3.565927999999999987e+00 -3.484525000000000095e+00 -3.633512000000000075e+00
4.200000000000000000e+01 -3.475928999999999824e+00 -3.388335999999999792e+00 -3.546542000000000083e+00
4.300000000000000000e+01 -3.953180999999999834e+00 -3.876489999999999991e+00 -4.019727999999999746e+00
4.400000000000000000e+01 -3.629776000000000113e+00 -3.547784000000000049e+00 -3.695152999999999910e+00
4.500000000000000000e+01 -3.659723000000000059e+00 -3.582037999999999833e+00 -3.729550000000000143e+00
4.600000000000000000e+01 -3.723946999999999896e+00 -3.647790000000000088e+00 -3.784702999999999928e+00
4.700000000000000000e+01 -3.874541999999999931e+00 -3.794255999999999851e+00 -3.942212000000000049e+00
4.800000000000000000e+01 -3.991763000000000172e+00 -3.915535000000000210e+00 -4.056777000000000299e+00
4.900000000000000000e+01 -3.498203000000000173e+00 -3.420977999999999852e+00 -3.565104999999999968e+00
5.000000000000000000e+01 -4.108713999999999977e+00 -4.026521999999999935e+00 -4.179158000000000150e+00
5.100000000000000000e+01 -4.071450999999999709e+00 -3.989959999999999951e+00 -4.139218999999999760e+00
5.200000000000000000e+01 -4.223272999999999833e+00 -4.143792999999999616e+00 -4.287497000000000114e+00
5.300000000000000000e+01 -4.099396999999999736e+00 -4.013906000000000418e+00 -4.164789999999999992e+00
5.400000000000000000e+01 -4.248057000000000194e+00 -4.168942999999999621e+00 -4.314114000000000004e+00
5.500000000000000000e+01 -4.562931999999999988e+00 -4.482911999999999786e+00 -4.626761000000000124e+00
5.600000000000000000e+01 -4.345194000000000223e+00 -4.264844000000000079e+00 -4.410775000000000112e+00
5.700000000000000000e+01 -4.438746000000000080e+00 -4.361921999999999855e+00 -4.498590000000000089e+00
5.800000000000000000e+01 -4.407850999999999964e+00 -4.335329999999999906e+00 -4.465294000000000096e+00
5.900000000000000000e+01 -4.682330000000000325e+00 -4.609098000000000361e+00 -4.744015000000000093e+00
6.000000000000000000e+01 -4.461286999999999558e+00 -4.383102000000000054e+00 -4.522077000000000346e+00
6.100000000000000000e+01 -4.897159000000000262e+00 -4.823554999999999815e+00 -4.957355999999999874e+00
6.200000000000000000e+01 -4.760854000000000141e+00 -4.689065000000000261e+00 -4.816796000000000078e+00
6.300000000000000000e+01 -5.110928999999999611e+00 -5.039017000000000301e+00 -5.172062999999999633e+00
6.400000000000000000e+01 -5.059661000000000186e+00 -4.982534000000000241e+00 -5.121743999999999630e+00
6.500000000000000000e+01 -5.114596999999999838e+00 -5.041089999999999627e+00 -5.176198000000000299e+00
6.600000000000000000e+01 -5.260640999999999678e+00 -5.185825999999999603e+00 -5.316683000000000270e+00
6.700000000000000000e+01 -5.343227999999999867e+00 -5.269458000000000197e+00 -5.403084999999999916e+00
6.800000000000000000e+01 -5.409549000000000163e+00 -5.334760000000000169e+00 -5.473739000000000132e+00
6.900000000000000000e+01 -5.425028000000000183e+00 -5.341872999999999649e+00 -5.489558999999999855e+00
7.000000000000000000e+01 -5.551282999999999745e+00 -5.478746000000000116e+00 -5.612267000000000117e+00
7.100000000000000000e+01 -6.052558000000000327e+00 -5.972116999999999898e+00 -6.120327999999999768e+00
7.200000000000000000e+01 -5.401063999999999865e+00 -5.325248000000000204e+00 -5.462182999999999566e+00
7.300000000000000000e+01 -5.827963999999999700e+00 -5.748854999999999826e+00 -5.893559999999999910e+00
7.400000000000000000e+01 -5.885486000000000217e+00 -5.806920999999999999e+00 -5.947835999999999679e+00
7.500000000000000000e+01 -5.796650999999999776e+00 -5.719346999999999959e+00 -5.858933999999999642e+00
7.600000000000000000e+01 -6.131561999999999735e+00 -6.053486999999999618e+00 -6.194660999999999973e+00
7.700000000000000000e+01 -6.316609999999999836e+00 -6.238752999999999993e+00 -6.382888999999999591e+00
7.800000000000000000e+01 -6.397491999999999734e+00 -6.318055000000000199e+00 -6.459355000000000402e+00
7.900000000000000000e+01 -6.176244999999999763e+00 -6.098628999999999856e+00 -6.239187000000000261e+00
8.000000000000000000e+01 -6.804825000000000124e+00 -6.727047999999999917e+00 -6.868319999999999759e+00
8.100000000000000000e+01 -6.419095999999999691e+00 -6.341852000000000267e+00 -6.480355000000000310e+00
8.200000000000000000e+01 -6.696661999999999892e+00 -6.619697999999999638e+00 -6.761288000000000409e+00
8.300000000000000000e+01 -6.972655999999999743e+00 -6.894155999999999729e+00 -7.037061999999999706e+00
8.400000000000000000e+01 -6.382813999999999766e+00 -6.300345000000000084e+00 -6.450128000000000306e+00
8.500000000000000000e+01 -6.857177000000000078e+00 -6.779524999999999579e+00 -6.916578999999999589e+00
8.600000000000000000e+01 -7.256165000000000198e+00 -7.177921999999999692e+00 -7.320580999999999783e+00
8.700000000000000000e+01 -7.044750999999999763e+00 -6.967153999999999847e+00 -7.108492000000000033e+00
8.800000000000000000e+01 -7.460609999999999964e+00 -7.381296999999999997e+00 -7.521354999999999791e+00
8.900000000000000000e+01 -7.273747000000000185e+00 -7.195215000000000138e+00 -7.340061000000000391e+00
9.000000000000000000e+01 -7.434846000000000288e+00 -7.357998000000000260e+00 -7.495073999999999792e+00
9.100000000000000000e+01 -7.636917999999999651e+00 -7.558671000000000362e+00 -7.699853000000000058e+00
9.200000000000000000e+01 -7.110974999999999824e+00 -7.032168999999999670e+00 -7.174438999999999567e+00
9.300000000000000000e+01 -8.074953999999999965e+00 -7.996283000000000030e+00 -8.140193999999999264e+00
9.400000000000000000e+01 -7.563367000000000395e+00 -7.481995999999999647e+00 -7.630133999999999972e+00
9.500000000000000000e+01 -7.702835000000000321e+00 -7.623625999999999792e+00 -7.765615000000000379e+00
9.600000000000000000e+01 -7.899454999999999671e+00 -7.819675000000000153e+00 -7.963160000000000238e+00
9.700000000000000000e+01 -8.159430000000000405e+00 -8.076841999999999189e+00 -8.223988999999999550e+00
9.800000000000000000e+01 -7.949696999999999569e+00 -7.869482999999999784e+00 -8.014070999999999501e+00
9.900000000000000000e+01 -7.987149999999999750e+00 -7.908108999999999611e+00 -8.050992000000000814e+00
1.000000000000000000e+02 -8.195624000000000464e+00 -8.117323999999999984e+00 -8.255831000000000586e+00
1.010000000000000000e+02 -8.673806000000000793e+00 -8.593161000000000271e+00 -8.739993999999999374e+00
1.020000000000000000e+02 -8.039944000000000202e+00 -7.962036000000000335e+00 -8.103573000000000803e+00
1.030000000000000000e+02 -8.573017000000000110e+00 -8.493074000000000012e+00 -8.637119000000000213e+00
1.040000000000000000e+02 -8.475372999999999379e+00 -8.396057000000000770e+00 -8.539018999999999693e+00
1.050000000000000000e+02 -8.300618000000000052e+00 -8.222317000000000320e+00 -8.362762000000000029e+00
1.060000000000000000e+02 -8.241673999999999722e+00 -8.160498999999999725e+00 -8.307378999999999181e+00
1.070000000000000000e+02 -8.678414000000000073e+00 -8.599323999999999302e+00 -8.740472999999999715e+00
1.080000000000000000e+02 -8.154503000000000057e+00 -8.076962999999999226e+00 -8.220167999999999253e+00
1.090000000000000000e+02 -8.186716999999999800e+00 -8.107267000000000223e+00 -8.251525000000000887e+00
1.100000000000000000e+02 -8.037200999999999596e+00 -7.958477000000000245e+00 -8.103790000000000049e+00
1.110000000000000000e+02 -7.734390999999999572e+00 -7.656041000000000096e+00 -7.798994000000000426e+00
1.120000000000000000e+02 -7.516973000000000127e+00 -7.436785000000000423e+00 -7.582608999999999710e+00
1.130000000000000000e+02 -7.484272999999999954e+00 -7.404187000000000296e+00 -7.549890999999999686e+00
1.140000000000000000e+02 -7.238806000000000296e+00 -7.159715000000000273e+00 -7.302207000000000114e+00
1.150000000000000000e+02 -7.232470000000000176e+00 -7.154482999999999926e+00 -7.296731000000000300e+00
1.160000000000000000e+02 -6.654099999999999682e+00 -6.575689999999999813e+00 -6.717035000000000089e+00
1.170000000000000000e+02 -6.964197999999999666e+00 -6.884464000000000361e+00 -7.029262000000000121e+00
1.180000000000000000e+02 -6.432437000000000182e+00 -6.353728000000000264e+00 -6.497165999999999997e+00
1.190000000000000000e+02 -6.645325999999999844e+00 -6.565364999999999895e+00 -6.708746999999999794e+00
1.200000000000000000e+02 -6.041375000000000384e+00 -5.963392999999999944e+00 -6.104866999999999599e+00
1.210000000000000000e+02 -5.787198000000000064e+00 -5.707569000000000337e+00 -5.852926000000000073e+00
1.220000000000000000e+02 -6.045653999999999861e+00 -5.966249999999999609e+00 -6.109601999999999755e+00
1.230000000000000000e+02 -5.874172999999999867e+00 -5.795079999999999565e+00 -5.938585999999999920e+00
1.240000000000000000e+02 -5.812539000000000122e+00 -5.733984000000000414e+00 -5.875968000000000302e+00
1.250000000000000000e+02 -5.281849000000000238e+00 -5.202064000000000021e+00 -5.345353000000000243e+00
1.260000000000000000e+02 -5.359418999999999933e+00 -5.279946999999999946e+00 -5.424621000000000137e+00
1.270000000000000000e+02 -5.024202999999999975e+00 -4.944798999999999722e+00 -5.087634999999999685e+00
1.280000000000000000e+02 -4.932368999999999559e+00 -4.855336999999999570e+00 -4.996119000000000199e+00
1.290000000000000000e+02 -4.865277999999999992e+00 -4.787449999999999761e+00 -4.929490000000000371e+00
1.300000000000000000e+02 -4.659906000000000326e+00 -4.580779999999999852e+00 -4.723747000000000362e+00
1.310000000000000000e+02 -4.232067999999999941e+00 -4.152905999999999764e+00 -4.295949000000000240e+00
1.320000000000000000e+02 -4.312909999999999577e+00 -4.234172000000000047e+00 -4.375433000000000128e+00
1.330000000000000000e+02 -3.901022999999999907e+00 -3.823195000000000121e+00 -3.963884999999999881e+00
1.340000000000000000e+02 -4.031645000000000145e+00 -3.952212999999999976e+00 -4.096618999999999566e+00
1.350000000000000000e+02 -3.592327000000000048e+00 -3.513522000000000034e+00 -3.657379000000000158e+00
1.360000000000000000e+02 -3.606047999999999920e+00 -3.527646999999999977e+00 -3.670214000000000087e+00
1.370000000000000000e+02 -3.512761999999999940e+00 -3.433657000000000181e+00 -3.577652000000000054e+00
1.380000000000000000e+02 -3.350973000000000201e+00 -3.271955999999999865e+00 -3.415004000000000151e+00
1.390000000000000000e+02 -3.024118999999999780e+00 -2.945825000000000138e+00 -3.087781999999999805e+00
1.400000000000000000e+02 -2.910826000000000136e+00 -2.831437999999999899e+00 -2.975306999999999924e+00
1.410000000000000000e+02 -2.801671999999999940e+00 -2.721605999999999970e+00 -2.866652000000000200e+00
1.420000000000000000e+02 -2.587444000000000077e+00 -2.509040999999999855e+00 -2.650892999999999944e+00
1.430000000000000000e+02 -2.429720000000000102e+00 -2.349725999999999981e+00 -2.494210999999999956e+00
1.440000000000000000e+02 -2.355834999999999901e+00 -2.275897000000000059e+00 -2.419941000000000120e+00
1.450000000000000000e+02 -2.072834999999999983e+00 -1.993819000000000008e+00 -2.135937000000000197e+00
1.460000000000000000e+02 -2.159337999999999980e+00 -2.079655999999999949e+00 -2.223730000000000206e+00
1.470000000000000000e+02 -1.792318999999999996e+00 -1.712766999999999928e+00 -1.856603999999999921e+00
1.480000000000000000e+02 -1.524936000000000069e+00 -1.445081000000000060e+00 -1.588295000000000012e+00
1.490000000000000000e+02 -1.564497999999999944e+00 -1.484407999999999950e+00 -1.629002999999999979e+00
1.500000000000000000e+02 -1.322102000000000110e+00 -1.242229000000000028e+00 -1.386125000000000052e+00
1.510000000000000000e+02 -1.306696999999999997e+00 -1.227049000000000056e+00 -1.370888000000000106e+00
1.520000000000000000e+02 -1.102468999999999921e+00 -1.022815999999999947e+00 -1.166749000000000036e+00
1.530000000000000000e+02 -9.783399999999999874e-01 -8.985940000000000039e-01 -1.042659000000000002e+00
1.540000000000000000e+02 -8.863839999999999497e-01 -8.065330000000000554e-01 -9.501979999999999871e-01
1.550000000000000000e+02 -8.159429999999999739e-01 -7.358510000000000328e-01 -8.805300000000000349e-01
1.560000000000000000e+02 -6.844350000000000156e-01 -6.045350000000000446e-01 -7.483060000000000267e-01
1.570000000000000000e+02 -6.878060000000000285e-01 -6.076359999999999539e-01 -7.518939999999999513e-01
1.580000000000000000e+02 -6.102959999999999496e-01 -5.302339999999999831e-01 -6.743700000000000250e-01
1.590000000000000000e+02 -5.793150000000000244e-01 -4.991880000000000206e-01 -6.434389999999999832e-01
1.600000000000000000e+02 -4.796210000000000195e-01 -3.995659999999999767e-01 -5.438779999999999726e-01
1.610000000000000000e+02 -3.816030000000000255e-01 -3.015240000000000142e-01 -4.456109999999999793e-01
1.620000000000000000e+02 -4.360490000000000199e-01 -3.560059999999999891e-01 -5.004429999999999712e-01
1.630000000000000000e+02 -2.875650000000000150e-01 -2.074149999999999883e-01 -3.519109999999999738e-01
1.640000000000000000e+02 -2.695940000000000003e-01 -1.894840000000000135e-01 -3.340020000000000211e-01
1.650000000000000000e+02 -2.522940000000000182e-01 -1.723089999999999899e-01 -3.166229999999999878e-01
1.660000000000000000e+02 -2.426439999999999986e-01 -1.625089999999999868e-01 -3.071209999999999773e-01
1.670000000000000000e+02 -1.622339999999999893e-01 -8.225300000000000666e-02 -2.263640000000000096e-01
1.680000000000000000e+02 -1.808909999999999962e-01 -1.009550000000000031e-01 -2.451570000000000138e-01
1.690000000000000000e+02 -1.419519999999999949e-01 -6.190699999999999675e-02 -2.062599999999999989e-01
1.700000000000000000e+02 -5.332900000000000140e-02 2.669499999999999998e-02 -1.177190000000000042e-01
1.710000000000000000e+02 -8.985799999999999343e-02 -9.809000000000000011e-03 -1.542870000000000075e-01
1.720000000000000000e+02 -2.982500000000000082e-02 5.024100000000000094e-02 -9.431399999999999506e-02
1.730000000000000000e+02 -2.438299999999999843e-02 5.571399999999999963e-02 -8.877699999999999481e-02
1.740000000000000000e+02 -1.179799999999999946e-02 6.830799999999999372e-02 -7.619099999999999484e-02
1.750000000000000000e+02 5.689999999999999745e-03 8.572699999999999765e-02 -5.878400000000000292e-02
1.760000000000000000e+02 1.806800000000000073e-02 9.812600000000000489e-02 -4.650200000000000167e-02
1.770000000000000000e+02 1.587500000000000022e-02 9.597500000000000475e-02 -4.864600000000000174e-02
1.780000000000000000e+02 3.756000000000000311e-02 1.175839999999999941e-01 -2.696799999999999892e-02
1.790000000000000000e+02 4.713799999999999935e-02 1.271980000000000055e-01 -1.738400000000000015e-02
1.800000000000000000e+02 5.425399999999999667e-02 1.342710000000000015e-01 -1.023199999999999978e-02
1.810000000000000000e+02 5.195700000000000318e-02 1.319980000000000042e-01 -1.253100000000000047e-02
1.820000000000000000e+02 5.663300000000000278e-02 1.366960000000000119e-01 -7.830000000000000154e-03
1.830000000000000000e+02 5.663300000000000278e-02 1.366960000000000119e-01 -7.830000000000000154e-03
1.840000000000000000e+02 5.663300000000000278e-02 1.366960000000000119e-01 -7.830000000000000154e-03
1.850000000000000000e+02 5.663300000000000278e-02 1.366960000000000119e-01 -7.830000000000000154e-03
1.860000000000000000e+02 5.663300000000000278e-02 1.366960000000000119e-01 -7.830000000000000154e-03
1.870000000000000000e+02 5.663300000000000278e-02 1.366960000000000119e-01 -7.830000000000000154e-03
1.880000000000000000e+02 5.663300000000000278e-02 1.366960000000000119e-01 -7.830000000000000154e-03
1.890000000000000000e+02 5.663300000000000278e-02 1.366960000000000119e-01 -7.830000000000000154e-03
1.900000000000000000e+02 5.663300000000000278e-02 1.366960000000000119e-01 -7.830000000000000154e-03
1.910000000000000000e+02 5.663300000000000278e-02 1.366960000000000119e-01 -7.830000000000000154e-03
1.920000000000000000e+02 5.663300000000000278e-02 1.366960000000000119e-01 -7.830000000000000154e-03
1.930000000000000000e+02 5.663300000000000278e-02 1.366960000000000119e-01 -7.830000000000000154e-03
1.940000000000000000e+02 5.663300000000000278e-02 1.366960000000000119e-01 -7.830000000000000154e-03
1.950000000000000000e+02 5.663300000000000278e-02 1.366960000000000119e-01 -7.830000000000000154e-03
1.960000000000000000e+02 5.663300000000000278e-02 1.366960000000000119e-01 -7.830000000000000154e-03
1.970000000000000000e+02 5.663300000000000278e-02 1.366960000000000119e-01 -7.830000000000000154e-03
1.980000000000000000e+02 5.663300000000000278e-02 1.366960000000000119e-01 -7.830000000000000154e-03
1.990000000000000000e+02 5.663300000000000278e-02 1.366960000000000119e-01 -7.830000000000000154e-03
2.000000000000000000e+02 5.663300000000000278e-02 1.366960000000000119e-01 -7.830000000000000154e-03
2.010000000000000000e+02 5.663300000000000278e-02 1.366960000000000119e-01 -7.830000000000000154e-03
2.020000000000000000e+02 5.663300000000000278e-02 1.366960000000000119e-01 -7.830000000000000154e-03
2.030000000000000000e+02 5.663300000000000278e-02 1.366960000000000119e-01 -7.830000000000000154e-03
2.040000000000000000e+02 5.663300000000000278e-02 1.366960000000000119e-01 -7.830000000000000154e-03
2.050000000000000000e+02 5.663300000000000278e-02 1.366960000000000119e-01 -7.830000000000000154e-03
2.060000000000000000e+02 5.663300000000000278e-02 1.366960000000000119e-01 -7.830000000000000154e-03
2.070000000000000000e+02 5.663300000000000278e-02 1.366960000000000119e-01 -7.830000000000000154e-03
2.080000000000000000e+02 5.663300000000000278e-02 1.366960000000000119e-01 -7.830000000000000154e-03
2.090000000000000000e+02 5.663300000000000278e-02 1.366960000000000119e-01 -7.830000000000000154e-03
