1.000000000000000000e+01 6.327699999999999991e-02 5.955099999999999977e-02 6.223000000000000059e-02
1.100000000000000000e+01 -1.288800000000000015e-02 -1.428800000000000035e-02 -1.326500000000000075e-02
1.200000000000000000e+01 -5.368300000000000155e-02 -5.347400000000000070e-02 -5.359799999999999981e-02
1.300000000000000000e+01 -5.595599999999999880e-02 -5.555600000000000122e-02 -5.581599999999999756e-02
1.400000000000000000e+01 -4.065300000000000163e-02 -4.123600000000000182e-02 -4.078699999999999687e-02
1.500000000000000000e+01 -2.103700000000000014e-02 -2.301100000000000020e-02 -2.155899999999999830e-02
1.600000000000000000e+01 -1.646600000000000147e-02 -1.883999999999999911e-02 -1.709899999999999962e-02
1.700000000000000000e+01 -1.563799999999999912e-02 -1.799900000000000111e-02 -1.626800000000000121e-02
1.800000000000000000e+01 -1.468200000000000061e-02 -1.711000000000000021e-02 -1.532799999999999961e-02
1.900000000000000000e+01 -2.785999999999999935e-02 -2.855500000000000052e-02 -2.800000000000000058e-02
2.000000000000000000e+01 -3.741799999999999987e-02 -3.604999999999999871e-02 -3.695199999999999874e-02
2.100000000000000000e+01 -2.103299999999999961e-02 -1.524200000000000034e-02 -1.925800000000000081e-02
2.200000000000000000e+01 2.151999999999999833e-03 1.291699999999999966e-02 5.385000000000000030e-03
2.300000000000000000e+01 1.503499999999999975e-02 2.679499999999999937e-02 1.855800000000000158e-02
2.400000000000000000e+01 2.454699999999999938e-02 3.598300000000000110e-02 2.798300000000000093e-02
2.500000000000000000e+01 2.930999999999999925e-02 3.984499999999999847e-02 3.249599999999999711e-02
2.600000000000000000e+01 3.095600000000000088e-02 4.188700000000000062e-02 3.425500000000000073e-02
2.700000000000000000e+01 3.477899999999999742e-02 4.641800000000000093e-02 3.827900000000000053e-02
2.800000000000000000e+01 4.100600000000000078e-02 5.261799999999999811e-02 4.449899999999999689e-02
2.900000000000000000e+01 4.702900000000000136e-02 5.864099999999999868e-02 5.052100000000000340e-02
3.000000000000000000e+01 5.266400000000000248e-02 6.427499999999999880e-02 5.615599999999999759e-02
3.100000000000000000e+01 5.794599999999999751e-02 6.955799999999999483e-02 6.143799999999999956e-02
3.200000000000000000e+01 6.290800000000000558e-02 7.452000000000000290e-02 6.640000000000000069e-02
3.300000000000000000e+01 6.757799999999999918e-02 7.918999999999999651e-02 7.106999999999999429e-02
3.400000000000000000e+01 7.198200000000000431e-02 8.359300000000000064e-02 7.547399999999999942e-02
3.500000000000000000e+01 7.613999999999999935e-02 8.775199999999999667e-02 7.963299999999999546e-02
3.600000000000000000e+01 8.007400000000000628e-02 9.168600000000000361e-02 8.356600000000000139e-02
3.700000000000000000e+01 8.380100000000000049e-02 9.541299999999999781e-02 8.729299999999999560e-02
3.800000000000000000e+01 8.733699999999999797e-02 9.894899999999999529e-02 9.082899999999999308e-02
3.900000000000000000e+01 9.069599999999999884e-02 1.023079999999999962e-01 9.418799999999999395e-02
4.000000000000000000e+01 9.389100000000000223e-02 1.055029999999999996e-01 9.738299999999999734e-02
4.100000000000000000e+01 9.693400000000000627e-02 1.085460000000000036e-01 1.004260000000000014e-01
4.200000000000000000e+01 9.983499999999999319e-02 1.114470000000000044e-01 1.033280000000000032e-01
4.300000000000000000e+01 1.026050000000000018e-01 1.142169999999999991e-01 1.060969999999999969e-01
4.400000000000000000e+01 1.052509999999999973e-01 1.168629999999999947e-01 1.087439999999999934e-01
4.500000000000000000e+01 1.077830000000000038e-01 1.193940000000000001e-01 1.112749999999999989e-01
4.600000000000000000e+01 1.102059999999999984e-01 1.218179999999999957e-01 1.136989999999999945e-01
4.700000000000000000e+01 1.125290000000000040e-01 1.241410000000000013e-01 1.160209999999999991e-01
4.800000000000000000e+01 1.147569999999999979e-01 1.263690000000000091e-01 1.182490000000000069e-01
4.900000000000000000e+01 1.168959999999999999e-01 1.285070000000000101e-01 1.203879999999999950e-01
5.000000000000000000e+01 1.189510000000000012e-01 1.305620000000000114e-01 1.224429999999999963e-01
5.100000000000000000e+01 1.209270000000000067e-01 1.325379999999999892e-01 1.244190000000000018e-01
5.200000000000000000e+01 1.228280000000000066e-01 1.344400000000000039e-01 1.263199999999999878e-01
5.300000000000000000e+01 1.246590000000000059e-01 1.362700000000000022e-01 1.281509999999999871e-01
5.400000000000000000e+01 1.264230000000000076e-01 1.380349999999999910e-01 1.299150000000000027e-01
5.500000000000000000e+01 1.281239999999999879e-01 1.397359999999999991e-01 1.316170000000000118e-01
5.600000000000000000e+01 1.297659999999999925e-01 1.413780000000000037e-01 1.332579999999999876e-01
5.700000000000000000e+01 1.313509999999999955e-01 1.429630000000000067e-01 1.348429999999999906e-01
5.800000000000000000e+01 1.328820000000000001e-01 1.444940000000000113e-01 1.363739999999999952e-01
5.900000000000000000e+01 1.343620000000000092e-01 1.459739999999999926e-01 1.378550000000000053e-01
6.000000000000000000e+01 1.357939999999999980e-01 1.474060000000000092e-01 1.392859999999999931e-01
6.100000000000000000e+01 1.371799999999999964e-01 1.487910000000000066e-01 1.406719999999999915e-01
6.200000000000000000e+01 1.385210000000000052e-01 1.501329999999999887e-01 1.420130000000000003e-01
6.300000000000000000e+01 1.398210000000000008e-01 1.514320000000000110e-01 1.433129999999999959e-01
6.400000000000000000e+01 1.410800000000000110e-01 1.526919999999999944e-01 1.445730000000000071e-01
6.500000000000000000e+01 1.423020000000000118e-01 1.539139999999999953e-01 1.457940000000000069e-01
6.600000000000000000e+01 1.434870000000000034e-01 1.550980000000000136e-01 1.469789999999999985e-01
6.700000000000000000e+01 1.446369999999999878e-01 1.562489999999999990e-01 1.481290000000000107e-01
6.800000000000000000e+01 1.457539999999999947e-01 1.573650000000000049e-01 1.492459999999999898e-01
6.900000000000000000e+01 1.468389999999999973e-01 1.584500000000000075e-01 1.503309999999999924e-01
7.000000000000000000e+01 1.478929999999999967e-01 1.595050000000000079e-01 1.513849999999999918e-01
7.100000000000000000e+01 1.489179999999999948e-01 1.605300000000000060e-01 1.524099999999999899e-01
7.200000000000000000e+01 1.499149999999999927e-01 1.615270000000000039e-01 1.534069999999999878e-01
7.300000000000000000e+01 1.508849999999999913e-01 1.624970000000000026e-01 1.543769999999999865e-01
7.400000000000000000e+01 1.518289999999999917e-01 1.634410000000000029e-01 1.553209999999999869e-01
7.500000000000000000e+01 1.527479999999999949e-01 1.643600000000000061e-01 1.562409999999999910e-01
7.600000000000000000e+01 1.536440000000000028e-01 1.652550000000000130e-01 1.571359999999999979e-01
7.700000000000000000e+01 1.545159999999999867e-01 1.661279999999999979e-01 1.580080000000000096e-01
7.800000000000000000e+01 1.553670000000000051e-01 1.669779999999999875e-01 1.588590000000000002e-01
7.900000000000000000e+01 1.561960000000000015e-01 1.678070000000000117e-01 1.596879999999999966e-01
8.000000000000000000e+01 1.570040000000000047e-01 1.686159999999999881e-01 1.604959999999999998e-01
8.100000000000000000e+01 1.577929999999999888e-01 1.694050000000000000e-01 1.612850000000000117e-01
8.200000000000000000e+01 1.585630000000000095e-01 1.701749999999999929e-01 1.620550000000000046e-01
8.300000000000000000e+01 1.593150000000000122e-01 1.709259999999999946e-01 1.628070000000000073e-01
8.400000000000000000e+01 1.600489999999999968e-01 1.716600000000000070e-01 1.635409999999999919e-01
8.500000000000000000e+01 1.607659999999999922e-01 1.723770000000000024e-01 1.642579999999999874e-01
8.600000000000000000e+01 1.614659999999999984e-01 1.730780000000000096e-01 1.649579999999999935e-01
8.700000000000000000e+01 1.621499999999999886e-01 1.737619999999999998e-01 1.656420000000000115e-01
8.800000000000000000e+01 1.628189999999999915e-01 1.744310000000000027e-01 1.663109999999999866e-01
8.900000000000000000e+01 1.634740000000000082e-01 1.750849999999999906e-01 1.669660000000000033e-01
9.000000000000000000e+01 1.641130000000000089e-01 1.757249999999999923e-01 1.676050000000000040e-01
9.100000000000000000e+01 1.647389999999999965e-01 1.763510000000000078e-01 1.682309999999999917e-01
9.200000000000000000e+01 1.653519999999999990e-01 1.769630000000000092e-01 1.688439999999999941e-01
9.300000000000000000e+01 1.659509999999999874e-01 1.775629999999999986e-01 1.694430000000000103e-01
9.400000000000000000e+01 1.665379999999999916e-01 1.781490000000000018e-01 1.700299999999999867e-01
9.500000000000000000e+01 1.671120000000000105e-01 1.787239999999999940e-01 1.706050000000000066e-01
9.600000000000000000e+01 1.676749999999999907e-01 1.792870000000000019e-01 1.711670000000000136e-01
9.700000000000000000e+01 1.682259999999999867e-01 1.798379999999999979e-01 1.717180000000000095e-01
9.800000000000000000e+01 1.687659999999999993e-01 1.803780000000000105e-01 1.722589999999999955e-01
9.900000000000000000e+01 1.692960000000000020e-01 1.809070000000000122e-01 1.727879999999999971e-01
1.000000000000000000e+02 1.698149999999999937e-01 1.814260000000000039e-01 1.733069999999999888e-01
1.010000000000000000e+02 1.703230000000000022e-01 1.819350000000000134e-01 1.738149999999999973e-01
1.020000000000000000e+02 1.708220000000000016e-01 1.824340000000000128e-01 1.743139999999999967e-01
1.030000000000000000e+02 1.713109999999999911e-01 1.829230000000000023e-01 1.748029999999999862e-01
1.040000000000000000e+02 1.717909999999999993e-01 1.834030000000000105e-01 1.752829999999999944e-01
1.050000000000000000e+02 1.722619999999999985e-01 1.838730000000000087e-01 1.757539999999999936e-01
1.060000000000000000e+02 1.727239999999999887e-01 1.843349999999999989e-01 1.762160000000000115e-01
1.070000000000000000e+02 1.731769999999999976e-01 1.847890000000000088e-01 1.766689999999999927e-01
1.080000000000000000e+02 1.736219999999999986e-01 1.852340000000000098e-01 1.771139999999999937e-01
1.090000000000000000e+02 1.740589999999999915e-01 1.856710000000000027e-01 1.775509999999999866e-01
