1.000000000000000000e+01 -3.764200000000000185e-02 -6.705000000000000022e-03 3.782800000000000051e-02
1.100000000000000000e+01 -5.090399999999999786e-02 -2.200999999999999832e-03 4.743399999999999700e-02
1.200000000000000000e+01 -4.517299999999999788e-02 5.209000000000000088e-03 5.291799999999999976e-02
1.300000000000000000e+01 -4.366600000000000342e-02 7.067999999999999630e-03 5.419299999999999812e-02
1.400000000000000000e+01 -4.520400000000000112e-02 6.132000000000000298e-03 5.313899999999999874e-02
1.500000000000000000e+01 -4.775800000000000184e-02 4.451000000000000095e-03 5.128699999999999926e-02
1.600000000000000000e+01 -4.547999999999999959e-02 7.086000000000000285e-03 5.379699999999999760e-02
1.700000000000000000e+01 -3.919000000000000261e-02 1.312699999999999978e-02 6.022099999999999675e-02
1.800000000000000000e+01 -3.332800000000000346e-02 1.801300000000000123e-02 6.595199999999999674e-02
1.900000000000000000e+01 -2.936400000000000121e-02 2.132600000000000121e-02 6.976699999999999569e-02
2.000000000000000000e+01 -2.421099999999999988e-02 2.612700000000000092e-02 7.492300000000000348e-02
2.100000000000000000e+01 -1.730100000000000041e-02 3.260300000000000004e-02 8.223300000000000054e-02
2.200000000000000000e+01 -1.371299999999999950e-02 3.627400000000000069e-02 8.639900000000000357e-02
2.300000000000000000e+01 -1.019399999999999994e-02 3.995400000000000340e-02 8.980000000000000482e-02
2.400000000000000000e+01 -5.501999999999999946e-03 4.463000000000000300e-02 9.434199999999999531e-02
2.500000000000000000e+01 -2.152999999999999966e-03 4.795599999999999863e-02 9.772699999999999443e-02
2.600000000000000000e+01 1.632999999999999903e-03 5.190100000000000269e-02 1.014700000000000046e-01
2.700000000000000000e+01 4.805000000000000243e-03 5.525800000000000156e-02 1.045920000000000044e-01
2.800000000000000000e+01 7.466999999999999679e-03 5.798699999999999688e-02 1.072919999999999985e-01
2.900000000000000000e+01 1.123299999999999993e-02 6.163699999999999735e-02 1.111540000000000028e-01
3.000000000000000000e+01 1.497000000000000067e-02 6.506699999999999984e-02 1.149909999999999960e-01
3.100000000000000000e+01 1.916999999999999954e-02 6.912200000000000288e-02 1.193779999999999980e-01
3.200000000000000000e+01 2.533300000000000135e-02 7.515099999999999558e-02 1.256849999999999912e-01
3.300000000000000000e+01 2.911499999999999852e-02 7.885999999999999954e-02 1.295439999999999925e-01
3.400000000000000000e+01 2.965500000000000080e-02 7.947099999999999997e-02 1.301239999999999897e-01
3.500000000000000000e+01 3.114300000000000054e-02 8.105700000000000405e-02 1.315250000000000030e-01
3.600000000000000000e+01 3.385599999999999721e-02 8.381299999999999861e-02 1.342309999999999892e-01
3.700000000000000000e+01 3.632799999999999918e-02 8.627600000000000546e-02 1.367680000000000007e-01
3.800000000000000000e+01 4.033300000000000080e-02 9.024100000000000177e-02 1.408310000000000117e-01
3.900000000000000000e+01 4.560499999999999970e-02 9.538499999999999757e-02 1.462009999999999976e-01
4.000000000000000000e+01 5.002999999999999808e-02 9.962899999999999534e-02 1.507169999999999899e-01
4.100000000000000000e+01 5.403399999999999870e-02 1.034289999999999932e-01 1.548180000000000112e-01
4.200000000000000000e+01 5.688100000000000100e-02 1.062479999999999952e-01 1.577099999999999891e-01
4.300000000000000000e+01 5.924000000000000099e-02 1.087589999999999946e-01 1.600900000000000101e-01
4.400000000000000000e+01 6.185399999999999926e-02 1.115069999999999950e-01 1.627909999999999913e-01
4.500000000000000000e+01 6.377399999999999736e-02 1.134639999999999954e-01 1.647770000000000068e-01
4.600000000000000000e+01 6.566600000000000215e-02 1.153349999999999931e-01 1.666529999999999956e-01
4.700000000000000000e+01 6.937899999999999623e-02 1.189520000000000022e-01 1.704150000000000109e-01
4.800000000000000000e+01 7.385300000000000198e-02 1.233169999999999961e-01 1.750249999999999861e-01
4.900000000000000000e+01 7.774999999999999967e-02 1.271490000000000120e-01 1.790160000000000085e-01
5.000000000000000000e+01 8.103200000000000680e-02 1.303799999999999959e-01 1.823649999999999993e-01
5.100000000000000000e+01 8.384300000000000086e-02 1.331890000000000018e-01 1.852399999999999880e-01
5.200000000000000000e+01 8.708799999999999875e-02 1.364319999999999977e-01 1.885809999999999986e-01
5.300000000000000000e+01 9.038899999999999713e-02 1.397039999999999949e-01 1.919599999999999917e-01
5.400000000000000000e+01 9.225400000000000267e-02 1.415829999999999866e-01 1.938459999999999905e-01
5.500000000000000000e+01 9.348299999999999665e-02 1.428689999999999960e-01 1.950620000000000132e-01
5.600000000000000000e+01 9.605600000000000249e-02 1.454350000000000087e-01 1.976590000000000014e-01
5.700000000000000000e+01 9.996900000000000230e-02 1.492509999999999948e-01 2.016850000000000032e-01
5.800000000000000000e+01 1.043619999999999964e-01 1.535050000000000026e-01 2.061820000000000042e-01
5.900000000000000000e+01 1.082369999999999999e-01 1.572770000000000001e-01 2.101030000000000120e-01
6.000000000000000000e+01 1.119620000000000060e-01 1.609460000000000057e-01 2.138529999999999875e-01
6.100000000000000000e+01 1.153679999999999983e-01 1.643469999999999931e-01 2.172550000000000037e-01
6.200000000000000000e+01 1.179079999999999989e-01 1.669100000000000028e-01 2.197699999999999931e-01
6.300000000000000000e+01 1.197389999999999982e-01 1.687500000000000111e-01 2.216019999999999934e-01
6.400000000000000000e+01 1.215299999999999991e-01 1.705440000000000011e-01 2.233900000000000052e-01
6.500000000000000000e+01 1.242589999999999945e-01 1.732380000000000031e-01 2.261219999999999897e-01
6.600000000000000000e+01 1.275159999999999905e-01 1.764219999999999955e-01 2.294350000000000001e-01
6.700000000000000000e+01 1.310050000000000103e-01 1.798339999999999939e-01 2.329769999999999897e-01
6.800000000000000000e+01 1.343749999999999944e-01 1.831470000000000042e-01 2.363560000000000105e-01
6.900000000000000000e+01 1.375159999999999993e-01 1.862370000000000136e-01 2.394789999999999974e-01
7.000000000000000000e+01 1.407599999999999962e-01 1.894569999999999865e-01 2.426889999999999881e-01
7.100000000000000000e+01 1.432879999999999987e-01 1.919929999999999970e-01 2.451879999999999893e-01
7.200000000000000000e+01 1.448840000000000128e-01 1.935939999999999883e-01 2.467759999999999954e-01
7.300000000000000000e+01 1.470220000000000138e-01 1.957250000000000101e-01 2.489329999999999876e-01
7.400000000000000000e+01 1.499949999999999894e-01 1.986799999999999955e-01 2.519239999999999813e-01
7.500000000000000000e+01 1.532429999999999903e-01 2.018719999999999959e-01 2.551760000000000139e-01
7.600000000000000000e+01 1.568779999999999897e-01 2.054269999999999985e-01 2.587900000000000200e-01
7.700000000000000000e+01 1.604260000000000130e-01 2.089159999999999906e-01 2.623219999999999996e-01
7.800000000000000000e+01 1.633779999999999955e-01 2.118400000000000005e-01 2.652660000000000018e-01
7.900000000000000000e+01 1.658290000000000042e-01 2.142799999999999983e-01 2.677050000000000263e-01
8.000000000000000000e+01 1.676809999999999967e-01 2.161299999999999888e-01 2.695449999999999791e-01
8.100000000000000000e+01 1.692770000000000108e-01 2.177370000000000139e-01 2.711239999999999761e-01
8.200000000000000000e+01 1.714769999999999905e-01 2.199389999999999956e-01 2.733019999999999894e-01
8.300000000000000000e+01 1.745939999999999992e-01 2.230340000000000100e-01 2.763990000000000058e-01
8.400000000000000000e+01 1.776979999999999948e-01 2.260909999999999864e-01 2.794900000000000162e-01
8.500000000000000000e+01 1.807300000000000018e-01 2.290520000000000056e-01 2.825130000000000141e-01
8.600000000000000000e+01 1.837940000000000129e-01 2.320480000000000043e-01 2.855750000000000233e-01
8.700000000000000000e+01 1.859679999999999944e-01 2.341840000000000033e-01 2.877379999999999938e-01
8.800000000000000000e+01 1.879020000000000135e-01 2.361159999999999926e-01 2.896549999999999958e-01
8.900000000000000000e+01 1.906760000000000121e-01 2.389060000000000072e-01 2.923859999999999792e-01
9.000000000000000000e+01 1.935679999999999901e-01 2.417960000000000109e-01 2.952310000000000212e-01
9.100000000000000000e+01 1.956799999999999928e-01 2.438889999999999947e-01 2.973310000000000120e-01
9.200000000000000000e+01 1.980979999999999963e-01 2.462749999999999939e-01 2.997380000000000044e-01
9.300000000000000000e+01 2.007359999999999978e-01 2.488720000000000099e-01 3.023629999999999929e-01
9.400000000000000000e+01 2.031779999999999975e-01 2.512739999999999974e-01 3.047989999999999866e-01
9.500000000000000000e+01 2.059120000000000117e-01 2.539739999999999776e-01 3.075160000000000116e-01
9.600000000000000000e+01 2.085110000000000019e-01 2.565740000000000243e-01 3.100859999999999728e-01
9.700000000000000000e+01 2.111709999999999976e-01 2.592280000000000140e-01 3.127050000000000107e-01
9.800000000000000000e+01 2.137670000000000126e-01 2.617979999999999752e-01 3.152639999999999887e-01
9.900000000000000000e+01 2.161510000000000098e-01 2.641530000000000267e-01 3.176300000000000234e-01
1.000000000000000000e+02 2.184999999999999998e-01 2.664819999999999967e-01 3.199649999999999994e-01
1.010000000000000000e+02 2.205850000000000033e-01 2.685609999999999942e-01 3.220299999999999829e-01
1.020000000000000000e+02 2.224500000000000088e-01 2.704199999999999937e-01 3.238759999999999972e-01
1.030000000000000000e+02 2.245240000000000014e-01 2.724909999999999832e-01 3.259259999999999935e-01
1.040000000000000000e+02 2.270850000000000091e-01 2.750469999999999859e-01 3.284569999999999990e-01
1.050000000000000000e+02 2.297780000000000100e-01 2.777270000000000016e-01 3.311189999999999967e-01
1.060000000000000000e+02 2.320260000000000100e-01 2.799619999999999886e-01 3.333360000000000212e-01
1.070000000000000000e+02 2.341010000000000035e-01 2.820250000000000257e-01 3.353840000000000154e-01
1.080000000000000000e+02 2.364320000000000033e-01 2.843499999999999917e-01 3.376899999999999902e-01
1.090000000000000000e+02 2.389219999999999955e-01 2.868269999999999986e-01 3.401469999999999771e-01
