1.000000000000000000e+01 -5.564899999999999708e-02 -5.616000000000000159e-02 -5.536399999999999655e-02
1.100000000000000000e+01 -2.040799999999999906e-02 -2.055600000000000135e-02 -2.033300000000000038e-02
1.200000000000000000e+01 -4.982000000000000317e-03 -4.937000000000000416e-03 -5.019000000000000024e-03
1.300000000000000000e+01 -2.584300000000000139e-02 -2.607200000000000142e-02 -2.573500000000000093e-02
1.400000000000000000e+01 -6.411000000000000032e-02 -6.501999999999999447e-02 -6.361300000000000288e-02
1.500000000000000000e+01 -9.185799999999999521e-02 -9.336400000000000254e-02 -9.101199999999999568e-02
1.600000000000000000e+01 -7.934399999999999786e-02 -8.073900000000000521e-02 -7.856000000000000483e-02
1.700000000000000000e+01 -4.806900000000000062e-02 -4.888900000000000190e-02 -4.760400000000000048e-02
1.800000000000000000e+01 -1.865899999999999850e-02 -1.885999999999999829e-02 -1.851799999999999974e-02
1.900000000000000000e+01 -2.783199999999999910e-02 -2.796500000000000027e-02 -2.770200000000000093e-02
2.000000000000000000e+01 -4.366799999999999848e-02 -4.356700000000000156e-02 -4.363500000000000018e-02
2.100000000000000000e+01 -3.576800000000000118e-02 -3.518600000000000200e-02 -3.597199999999999703e-02
2.200000000000000000e+01 -3.967400000000000093e-02 -3.911599999999999799e-02 -3.982000000000000123e-02
2.300000000000000000e+01 -4.448599999999999777e-02 -4.393799999999999789e-02 -4.455200000000000132e-02
2.400000000000000000e+01 -3.981099999999999917e-02 -3.911699999999999899e-02 -3.992899999999999922e-02
2.500000000000000000e+01 -4.097300000000000247e-02 -3.996399999999999952e-02 -4.114700000000000302e-02
2.600000000000000000e+01 -7.728000000000000147e-02 -7.260999999999999399e-02 -7.903799999999999715e-02
2.700000000000000000e+01 -1.033379999999999993e-01 -9.500899999999999623e-02 -1.068149999999999933e-01
2.800000000000000000e+01 -1.103959999999999941e-01 -1.023809999999999998e-01 -1.137279999999999958e-01
2.900000000000000000e+01 -1.271220000000000128e-01 -1.199220000000000008e-01 -1.299980000000000024e-01
3.000000000000000000e+01 -1.381950000000000123e-01 -1.315949999999999898e-01 -1.407079999999999997e-01
3.100000000000000000e+01 -1.470460000000000100e-01 -1.411660000000000137e-01 -1.491580000000000128e-01
3.200000000000000000e+01 -1.355349999999999888e-01 -1.297220000000000040e-01 -1.377460000000000073e-01
3.300000000000000000e+01 -1.188280000000000031e-01 -1.126560000000000061e-01 -1.213650000000000007e-01
3.400000000000000000e+01 -1.198390000000000011e-01 -1.138369999999999937e-01 -1.222710000000000047e-01
3.500000000000000000e+01 -1.264029999999999876e-01 -1.208899999999999975e-01 -1.285239999999999994e-01
3.600000000000000000e+01 -1.286509999999999876e-01 -1.234490000000000032e-01 -1.305630000000000124e-01
3.700000000000000000e+01 -1.337440000000000018e-01 -1.282119999999999926e-01 -1.357780000000000098e-01
3.800000000000000000e+01 -1.451399999999999912e-01 -1.390280000000000127e-01 -1.473949999999999982e-01
3.900000000000000000e+01 -1.496230000000000060e-01 -1.432370000000000032e-01 -1.519790000000000030e-01
4.000000000000000000e+01 -1.482839999999999991e-01 -1.414789999999999937e-01 -1.508589999999999931e-01
4.100000000000000000e+01 -1.457739999999999869e-01 -1.383979999999999932e-01 -1.486590000000000134e-01
4.200000000000000000e+01 -1.424120000000000108e-01 -1.348509999999999986e-01 -1.454010000000000025e-01
4.300000000000000000e+01 -1.402980000000000060e-01 -1.327369999999999939e-01 -1.432869999999999977e-01
4.400000000000000000e+01 -1.382780000000000120e-01 -1.307169999999999999e-01 -1.412660000000000027e-01
4.500000000000000000e+01 -1.363459999999999950e-01 -1.287850000000000106e-01 -1.393340000000000134e-01
4.600000000000000000e+01 -1.344950000000000034e-01 -1.269349999999999923e-01 -1.374839999999999951e-01
4.700000000000000000e+01 -1.327220000000000066e-01 -1.251619999999999955e-01 -1.357109999999999983e-01
4.800000000000000000e+01 -1.310219999999999996e-01 -1.234610000000000013e-01 -1.340099999999999902e-01
4.900000000000000000e+01 -1.293890000000000040e-01 -1.218280000000000057e-01 -1.323769999999999947e-01
5.000000000000000000e+01 -1.278199999999999892e-01 -1.202600000000000058e-01 -1.308090000000000086e-01
5.100000000000000000e+01 -1.263120000000000076e-01 -1.187509999999999954e-01 -1.293009999999999993e-01
5.200000000000000000e+01 -1.248609999999999998e-01 -1.173000000000000015e-01 -1.278489999999999904e-01
5.300000000000000000e+01 -1.234630000000000033e-01 -1.159020000000000050e-01 -1.264520000000000088e-01
5.400000000000000000e+01 -1.221160000000000023e-01 -1.145550000000000040e-01 -1.251049999999999940e-01
5.500000000000000000e+01 -1.208179999999999948e-01 -1.132569999999999966e-01 -1.238059999999999994e-01
5.600000000000000000e+01 -1.195640000000000036e-01 -1.120040000000000063e-01 -1.225529999999999953e-01
5.700000000000000000e+01 -1.183550000000000019e-01 -1.107940000000000036e-01 -1.213430000000000064e-01
5.800000000000000000e+01 -1.171859999999999985e-01 -1.096250000000000002e-01 -1.201740000000000030e-01
5.900000000000000000e+01 -1.160560000000000064e-01 -1.084949999999999942e-01 -1.190439999999999970e-01
6.000000000000000000e+01 -1.149629999999999957e-01 -1.074019999999999975e-01 -1.179510000000000003e-01
6.100000000000000000e+01 -1.139050000000000062e-01 -1.063439999999999941e-01 -1.168939999999999979e-01
6.200000000000000000e+01 -1.128809999999999952e-01 -1.053199999999999970e-01 -1.158689999999999998e-01
6.300000000000000000e+01 -1.118890000000000023e-01 -1.043280000000000041e-01 -1.148770000000000069e-01
6.400000000000000000e+01 -1.109269999999999978e-01 -1.033670000000000005e-01 -1.139160000000000034e-01
6.500000000000000000e+01 -1.099949999999999956e-01 -1.024339999999999973e-01 -1.129830000000000001e-01
6.600000000000000000e+01 -1.090900000000000064e-01 -1.015299999999999953e-01 -1.120789999999999981e-01
6.700000000000000000e+01 -1.082130000000000036e-01 -1.006520000000000054e-01 -1.112009999999999943e-01
6.800000000000000000e+01 -1.073599999999999971e-01 -9.979899999999999882e-02 -1.103480000000000016e-01
6.900000000000000000e+01 -1.065320000000000017e-01 -9.897100000000000342e-02 -1.095200000000000062e-01
7.000000000000000000e+01 -1.057270000000000015e-01 -9.816600000000000326e-02 -1.087150000000000061e-01
7.100000000000000000e+01 -1.049449999999999966e-01 -9.738399999999999834e-02 -1.079330000000000012e-01
7.200000000000000000e+01 -1.041839999999999988e-01 -9.662300000000000055e-02 -1.071720000000000034e-01
7.300000000000000000e+01 -1.034429999999999933e-01 -9.588199999999999501e-02 -1.064309999999999978e-01
7.400000000000000000e+01 -1.027219999999999939e-01 -9.516199999999999659e-02 -1.057109999999999994e-01
7.500000000000000000e+01 -1.020210000000000006e-01 -9.446000000000000230e-02 -1.050090000000000051e-01
7.600000000000000000e+01 -1.013369999999999965e-01 -9.377599999999999825e-02 -1.043250000000000011e-01
7.700000000000000000e+01 -1.006709999999999966e-01 -9.310999999999999832e-02 -1.036590000000000011e-01
7.800000000000000000e+01 -1.000219999999999998e-01 -9.246100000000000152e-02 -1.030100000000000043e-01
7.900000000000000000e+01 -9.938900000000000512e-02 -9.182800000000000684e-02 -1.023769999999999958e-01
8.000000000000000000e+01 -9.877199999999999869e-02 -9.121100000000000041e-02 -1.017600000000000032e-01
8.100000000000000000e+01 -9.816900000000000626e-02 -9.060899999999999510e-02 -1.011579999999999979e-01
8.200000000000000000e+01 -9.758200000000000207e-02 -9.002100000000000379e-02 -1.005700000000000066e-01
8.300000000000000000e+01 -9.700799999999999701e-02 -8.944699999999999873e-02 -9.999600000000000155e-02
8.400000000000000000e+01 -9.644800000000000595e-02 -8.888699999999999379e-02 -9.943599999999999661e-02
8.500000000000000000e+01 -9.590100000000000013e-02 -8.834000000000000186e-02 -9.888900000000000468e-02
8.600000000000000000e+01 -9.536600000000000632e-02 -8.780499999999999416e-02 -9.835399999999999698e-02
8.700000000000000000e+01 -9.484399999999999775e-02 -8.728299999999999947e-02 -9.783200000000000229e-02
8.800000000000000000e+01 -9.433300000000000018e-02 -8.677200000000000191e-02 -9.732100000000000473e-02
8.900000000000000000e+01 -9.383299999999999974e-02 -8.627300000000000246e-02 -9.682200000000000528e-02
9.000000000000000000e+01 -9.334499999999999742e-02 -8.578399999999999914e-02 -9.633300000000000196e-02
9.100000000000000000e+01 -9.286700000000000510e-02 -8.530600000000000682e-02 -9.585599999999999676e-02
9.200000000000000000e+01 -9.239999999999999603e-02 -8.483899999999999775e-02 -9.538800000000000057e-02
9.300000000000000000e+01 -9.194199999999999595e-02 -8.438099999999999767e-02 -9.493100000000000149e-02
9.400000000000000000e+01 -9.149400000000000588e-02 -8.393299999999999372e-02 -9.448299999999999754e-02
9.500000000000000000e+01 -9.105599999999999805e-02 -8.349499999999999977e-02 -9.404400000000000259e-02
9.600000000000000000e+01 -9.062599999999999822e-02 -8.306499999999999995e-02 -9.361500000000000377e-02
9.700000000000000000e+01 -9.020499999999999352e-02 -8.264399999999999524e-02 -9.319399999999999906e-02
9.800000000000000000e+01 -8.979299999999999782e-02 -8.223199999999999954e-02 -9.278100000000000236e-02
9.900000000000000000e+01 -8.938899999999999624e-02 -8.182799999999999796e-02 -9.237700000000000078e-02
1.000000000000000000e+02 -8.899300000000000266e-02 -8.143200000000000438e-02 -9.198099999999999332e-02
1.010000000000000000e+02 -8.860500000000000320e-02 -8.104400000000000492e-02 -9.159299999999999387e-02
1.020000000000000000e+02 -8.822399999999999687e-02 -8.066299999999999859e-02 -9.121200000000000141e-02
1.030000000000000000e+02 -8.785099999999999854e-02 -8.029000000000000026e-02 -9.083900000000000308e-02
1.040000000000000000e+02 -8.748400000000000620e-02 -7.992299999999999405e-02 -9.047299999999999787e-02
1.050000000000000000e+02 -8.712499999999999412e-02 -7.956399999999999584e-02 -9.011299999999999866e-02
1.060000000000000000e+02 -8.677200000000000191e-02 -7.921100000000000363e-02 -8.976099999999999357e-02
1.070000000000000000e+02 -8.642600000000000282e-02 -7.886500000000000454e-02 -8.941399999999999348e-02
1.080000000000000000e+02 -8.608599999999999586e-02 -7.852499999999999758e-02 -8.907500000000000140e-02
1.090000000000000000e+02 -8.575299999999999589e-02 -7.819199999999999762e-02 -8.874100000000000044e-02
